SCD 1                   
1 22490U 93009B   20127.78593490  .00000226  00000-0  12092-4 0  9993
2 22490  24.9703 288.9165 0042850 308.5878 147.8481 14.44576131437970
TECHSAT 1B (GO-32)      
1 25397U 98043D   20127.83952040 -.00000023  00000-0  94913-5 0  9990
2 25397  98.7257  69.6597 0001651 137.8352 222.2954 14.23684135133639
SCD 2                   
1 25504U 98060A   20127.72346066  .00000220  00000-0  11329-4 0  9999
2 25504  24.9944 139.0893 0017086 327.5616   4.5677 14.44092856137277
LANDSAT 7               
1 25682U 99020A   20127.93857854  .00000004  00000-0  10697-4 0  9995
2 25682  98.0845 191.8313 0001345  67.8880 292.2446 14.57176191120199
DLR-TUBSAT              
1 25757U 99029B   20127.79577188 -.00000036  00000-0  25403-5 0  9998
2 25757  98.4261  55.2286 0013492 319.8985  40.1213 14.51419289109441
TERRA                   
1 25994U 99068A   20127.83141178 -.00000060  00000-0 -31886-5 0  9995
2 25994  98.2139 202.6918 0001254 101.6596 258.4720 14.57110654 84252
MAROC-TUBSAT            
1 27004U 01056D   20127.91293734 -.00000050  00000-0 -67990-5 0  9998
2 27004  99.5098 261.9246 0020603 122.1952 347.2721 13.70140150920489
AQUA                    
1 27424U 02022A   20127.73593847  .00000080  00000-0  27764-4 0  9991
2 27424  98.2068  68.9724 0002722  98.8063  18.2347 14.57120405957798
IRS-P6 (RESOURCESAT-1)  
1 28051U 03046A   20127.91429304 -.00000260  00000-0 -76235-4 0  9990
2 28051  98.4838 205.2998 0058806 149.1824 211.2839 14.34165206860438
SHIYAN 1 (SY-1)         
1 28220U 04012A   20127.53202369  .00001126  00000-0  95363-4 0  9993
2 28220  97.8466  96.2749 0012176  16.9931 343.1697 15.00032772874312
FORMOSAT-2 (ROCSAT 2)   
1 28254U 04018A   20127.82941734 -.00000078  00000-0 -24408-4 0  9993
2 28254  98.7094 163.3169 0002224  57.2443 116.7552 14.00635116816216
AURA                    
1 28376U 04026A   20127.65049911  .00000083  00000-0  28396-4 0  9998
2 28376  98.2062  71.0444 0001601  82.1302 278.0078 14.57111541840834
IRS-P5 (CARTOSAT-1)     
1 28649U 05017A   20127.76027974  .00000053  00000-0  12660-4 0  9993
2 28649  97.8148 197.5358 0001290 151.8819 208.2465 14.83693972812304
SINAH 1                 
1 28893U 05043D   20127.84952470 -.00000012  00000-0  68322-5 0  9993
2 28893  98.0163 259.4884 0016566  75.5790 284.7249 14.61530182774247
EROS B                  
1 29079U 06014A   20127.89305837  .00000343  00000-0  17505-4 0  9995
2 29079  97.4089 249.1653 0008308 143.2717 331.9143 15.23067572778936
RESURS-DK 1             
1 29228U 06021A   20127.60720160  .00000062  00000-0  11981-4 0  9998
2 29228  69.9348 294.5277 0004956 202.9758 157.1182 15.02534734766465
ARIRANG-2 (KOMPSAT-2)   
1 29268U 06031A   20127.85528330  .00000118  00000-0  32399-4 0  9993
2 29268  97.9953  15.4413 0015797 284.9818  74.9637 14.62274393735134
LAPAN-TUBSAT            
1 29709U 07001A   20127.78340695  .00000023  00000-0  94365-5 0  9996
2 29709  97.8563  88.1556 0011436 247.0941 112.9065 14.82217737720197
CARTOSAT-2 (IRS-P7)     
1 29710U 07001B   20127.82934318 -.00000301  00000-0 -27966-4 0  9997
2 29710  97.9192 188.4298 0028592 206.9623 153.0070 14.85755699719082
HAIYANG-1B              
1 31113U 07010A   20127.71575249  .00000007  00000-0  18874-4 0  9998
2 31113  98.4077 171.6239 0013254 341.0004  19.0683 14.30242032682185
COSMO-SKYMED 1          
1 31598U 07023A   20127.82389837  .00000412  00000-0  58311-4 0  9997
2 31598  97.8900 311.6035 0001590  92.8703 267.2692 14.82155828698667
TERRASAR-X              
1 31698U 07026A   20127.28878472 -.00000870  00000-0 -38261-4 0  9991
2 31698  97.4457 134.9022 0001691  79.7447  92.9361 15.19144624714897
WORLDVIEW-1 (WV-1)      
1 32060U 07041A   20127.29417699  .00000606  00000-0  27544-4 0  9990
2 32060  97.3811 247.5167 0002608  87.6617 272.4919 15.24468295702756
YAOGAN 3                
1 32289U 07055A   20127.81890581  .00000244  00000-0  38334-4 0  9998
2 32289  97.9939 142.7615 0001783 100.8733 259.2679 14.81012784674822
COSMO-SKYMED 2          
1 32376U 07059A   20127.79013245 -.00000222  00000-0 -21285-4 0  9995
2 32376  97.8901 311.5715 0001533  90.7736 269.3661 14.82155253671401
RADARSAT-2              
1 32382U 07061A   20127.97420756  .00000214  00000-0  10000-3 0  9995
2 32382  98.5766 135.1570 0001244  98.8731 290.9554 14.29984850647045
CARTOSAT-2A             
1 32783U 08021A   20127.78829330 -.00000230  00000-0 -24342-4 0  9992
2 32783  97.9260 188.3632 0013895 138.9790 221.2455 14.78672681648988
RAPIDEYE 2              
1 33312U 08040A   20127.48927708 -.00000475  00000-0 -37137-4 0  9994
2 33312  97.6954 193.1589 0011647 156.8441 203.2925 14.96084534631599
RAPIDEYE 5              
1 33313U 08040B   20127.13903658  .00000967  00000-0  94939-4 0  9992
2 33313  97.6921 191.7369 0015869  41.4377 318.8258 14.94379344631485
RAPIDEYE 1              
1 33314U 08040C   20127.12860781  .00000365  00000-0  38587-4 0  9990
2 33314  97.7119 192.9299 0027166 156.4395 203.8365 14.94812867631520
RAPIDEYE 3              
1 33315U 08040D   20127.12025933  .00000193  00000-0  21647-4 0  9991
2 33315  97.6979 191.7852 0005017 111.3821 248.8041 14.97313420631491
RAPIDEYE 4              
1 33316U 08040E   20127.06499789  .00000442  00000-0  45071-4 0  9993
2 33316  97.7011 191.7022 0008546  65.4416 294.7697 14.95462106631477
HUANJING 1A (HJ-1A)     
1 33320U 08041A   20127.80896120  .00000102  00000-0  21505-4 0  9990
2 33320  97.7909 181.2078 0026161 204.1631 155.8349 14.77063164628453
HUANJING 1B (HJ-1B)     
1 33321U 08041B   20127.80907139  .00000125  00000-0  24695-4 0  9992
2 33321  97.7989 183.4557 0033472 232.6282 127.1872 14.77224119628451
GEOEYE 1                
1 33331U 08042A   20127.78097122 -.00000111  00000-0 -12005-4 0  9992
2 33331  98.1045 202.6147 0009036 177.1762 182.9479 14.64307423623435
THEOS                   
1 33396U 08049A   20127.96969043  .00000046  00000-0  42256-4 0  9996
2 33396  98.7391 195.5531 0001044  78.0757  45.2998 14.20016233601179
COSMO-SKYMED 3          
1 33412U 08054A   20127.77327254  .00000002  00000-0  67846-5 0  9997
2 33412  97.8899 311.5550 0001411  85.0009 275.1368 14.82154924623861
YAOGAN 4                
1 33446U 08061A   20127.88399389  .00000051  00000-0  14150-4 0  9995
2 33446  97.7233  85.2153 0017512 112.9982 247.3078 14.77024778615690
GOSAT (IBUKI)           
1 33492U 09002A   20127.73069166  .00000054  00000-0  17859-4 0  9995
2 33492  98.0562 239.3693 0001312 106.8527 253.2822 14.67556039604037
YAOGAN 6                
1 34839U 09021A   20127.65084674  .00000470  00000-0  20182-4 0  9999
2 34839  97.0393 138.4117 0028249 166.4975 193.7027 15.26889485613430
DEIMOS-1                
1 35681U 09041A   20127.88646734  .00000068  00000-0  18405-4 0  9991
2 35681  97.8184   3.0482 0001974 139.6331 220.5023 14.71832119578276
DUBAISAT-1              
1 35682U 09041B   20127.78754191  .00000139  00000-0  31623-4 0  9994
2 35682  97.7309 308.7052 0012041  25.6543 334.5254 14.68789101577009
OCEANSAT-2              
1 35931U 09051A   20127.86001017  .00000076  00000-0  30426-4 0  9993
2 35931  98.2951 223.5709 0002347 139.5921 220.5448 14.50852947562284
WORLDVIEW-2 (WV-2)      
1 35946U 09055A   20127.79183406 -.00000061  00000-0 -60748-5 0  9995
2 35946  98.3994 201.8774 0002643 109.2963 250.8501 14.37667685555037
SMOS                    
1 36036U 09059A   20127.76204110  .00000040  00000-0  26675-4 0  9998
2 36036  98.4449 315.3867 0001420  95.6683 264.4667 14.39754981552227
YAOGAN 7                
1 36110U 09069A   20127.83854168  .00000047  00000-0  15087-4 0  9996
2 36110  98.2685 322.7096 0023098 347.4280  12.6356 14.75115569560367
TANDEM-X                
1 36605U 10030A   20128.19176106 -.00000384  00000-0 -15114-4 0  9991
2 36605  97.4461 135.7923 0002162  77.6216 350.2464 15.19147366547770
CARTOSAT-2B             
1 36795U 10035A   20127.82455438 -.00000383  00000-0 -45057-4 0  9991
2 36795  97.9231 187.9346 0013315 213.4923 146.5523 14.78670816530033
YAOGAN 10               
1 36834U 10038A   20127.86711279  .00000039  00000-0  11876-4 0  9998
2 36834  97.9772 131.3069 0001581  87.4100 272.7290 14.80969154526576
COSMO-SKYMED 4          
1 37216U 10060A   20127.80280500  .00000007  00000-0  74724-5 0  9997
2 37216  97.8904 311.5824 0001596  83.4270 276.7129 14.82155849513951
RESOURCESAT-2           
1 37387U 11015A   20125.78887866 -.00000044  00000-0  48999-8 0  9990
2 37387  98.6796 201.3374 0004855 136.0528 224.1030 14.21643431469237
HAIYANG 2A              
1 37781U 11043A   20127.88115346 -.00000014  00000-0  29669-4 0  9995
2 37781  99.3177 136.2415 0001714  93.2122 266.9225 13.78720672439065
RASAT                   
1 37791U 11044D   20127.83959538  .00000026  00000-0  13940-4 0  9998
2 37791  98.1079 221.2891 0022904  43.6062 316.6944 14.64765684466152
MEGHA-TROPIQUES         
1 37838U 11058A   20127.66856830  .00000313  00000-0  27916-4 0  9994
2 37838  19.9776 264.0200 0009374 104.0288 256.1159 14.09701898374831
SRMSAT                  
1 37841U 11058D   20127.62007062  .00000313  00000-0  26841-4 0  9995
2 37841  19.9714 239.9237 0011828 143.6221 246.8509 14.10657656442252
YAOGAN 13               
1 37941U 11072A   20127.86851220  .00000513  00000-0  28366-4 0  9997
2 37941  97.5528  63.5221 0001741 142.6456 301.6632 15.18319762467665
PLEIADES 1A             
1 38012U 11076F   20127.74932452 -.00000047  00000-0 -37833-6 0  9990
2 38012  98.2002 202.7614 0001060  92.6260 267.5050 14.58556057446589
ZIYUAN 1-02C (ZY 1-02C) 
1 38038U 11079A   20127.79276906  .00000022  00000-0  23572-4 0  9995
2 38038  98.6937 180.2762 0007863  38.1614 322.0117 14.35278744438791
ZIYUAN 3 (ZY 3)         
1 38046U 12001A   20127.89961706  .00000489  00000-0  24892-4 0  9993
2 38046  97.4188 202.7209 0003208 358.3523  61.6217 15.21348026462304
ARIRANG-3 (KOMPSAT-3)   
1 38338U 12025B   20127.80492792  .00000042  00000-0  17698-4 0  9999
2 38338  98.1476  66.6892 0008400 275.2164  84.8081 14.61856731425246
KANOPUS-V 1             
1 38707U 12039A   20127.86715972  .00000104  00000-0  81712-5 0  9996
2 38707  97.4599  47.2911 0001459  80.1807   5.2359 15.19158562432193
EXACTVIEW-1 (ADS-1B)    
1 38709U 12039C   20127.66369075 -.00000026  00000-0  94485-5 0  9990
2 38709  99.1124 159.3624 0011614 109.8101 250.4323 14.24016609404907
SPOT 6                  
1 38755U 12047A   20127.76564050 -.00000023  00000-0  48311-5 0  9995
2 38755  98.1682 195.2772 0001363  96.0738 264.0611 14.58572291407660
PLEIADES 1B             
1 39019U 12068A   20127.78381023 -.00000020  00000-0  55402-5 0  9997
2 39019  98.1990 202.8583 0001268  85.5944 274.5390 14.58555904395441
GOKTURK 2               
1 39030U 12073A   20127.79784998  .00000008  00000-0  89238-5 0  9994
2 39030  97.9555  16.3667 0000752 359.9393   0.1818 14.72748191395774
LANDSAT 8               
1 39084U 13008A   20127.78453681  .00000035  00000-0  17773-4 0  9997
2 39084  98.1836 198.0037 0001372  77.5858 282.5484 14.57123209384633
SARAL                   
1 39086U 13009A   20127.81359800 -.00000005  00000-0  14340-4 0  9997
2 39086  98.5438 314.0183 0001721  59.9117 300.2237 14.32025382376045
GAOFEN 1                
1 39150U 13018A   20127.84945570  .00000009  00000-0  85035-5 0  9990
2 39150  97.8687 205.7187 0017696 251.8762 108.0511 14.76552103378878
VNREDSAT 1              
1 39160U 13021B   20127.79731950  .00000040  00000-0  17005-4 0  9990
2 39160  98.1479 204.8656 0001544  80.9719 279.1647 14.62927667373793
ARIRANG-5 (KOMPSAT-5)   
1 39227U 13042A   20127.83187435 -.00000552  00000-0 -35131-4 0  9995
2 39227  97.6224 312.5402 0001827  80.0937  44.4021 15.04505036368266
YAOGAN 18               
1 39363U 13059A   20127.89214120  .00000946  00000-0  34506-4 0  9992
2 39363  97.2528 178.3152 0006270 197.5566 141.3399 15.30561219361351
SKYSAT-1                
1 39418U 13066C   20127.82301044  .00000208  00000-0  22022-4 0  9997
2 39418  97.6226 208.2415 0020374 342.2019  17.8488 14.98945644353043
DUBAISAT-2              
1 39419U 13066D   20127.93145707  .00000441  00000-0  46294-4 0  9998
2 39419  97.5458 183.6332 0013547 352.8146   7.2813 14.94116753351978
GPM-CORE                
1 39574U 14009C   20127.68303700  .00002505  00000-0  40026-4 0  9999
2 39574  65.0057 293.6841 0011424 286.0383  73.9505 15.55988913351549
SENTINEL-1A             
1 39634U 14016A   20127.81891502  .00000007  00000-0  11094-4 0  9999
2 39634  98.1826 135.3865 0001339  81.9514 278.1838 14.59198555324497
KAZEOSAT 1              
1 39731U 14024A   20127.82238040 -.00000001  00000-0  12831-4 0  9994
2 39731  98.3183 201.9252 0001461  89.3500 270.7848 14.42058600316887
ALOS-2                  
1 39766U 14029A   20127.84928756  .00000162  00000-0  28596-4 0  9991
2 39766  97.9193 225.0398 0001559  87.9759 272.1630 14.79475164321549
KAZEOSAT 2              
1 40010U 14033A   20127.82755071 -.00000002  00000-0  62398-5 0  9999
2 40010  97.8098  24.7363 0017608  79.8226 280.4978 14.82109115318157
HODOYOSHI-4             
1 40011U 14033B   20127.78381565  .00000045  00000-0  12389-4 0  9998
2 40011  97.7811  17.1890 0028247  77.8204 282.6170 14.81186516317859
DEIMOS-2                
1 40013U 14033D   20127.84681707  .00000107  00000-0  18832-4 0  9996
2 40013  97.8205  31.1581 0002281  95.3514 264.7970 14.84649897318692
HODOYOSHI-3             
1 40015U 14033F   20127.70616517  .00000058  00000-0  14712-4 0  9998
2 40015  97.7436   4.7426 0038503  95.1796 265.3812 14.78590557317297
SPOT 7                  
1 40053U 14034A   20127.80034537 -.00000023  00000-0  49175-5 0  9993
2 40053  98.1842 195.4834 0001403 100.4437 259.6913 14.58563765311603
SKYSAT-2                
1 40072U 14037D   20127.75633241  .00000097  00000-0  20018-4 0  9992
2 40072  98.4590 303.7382 0005144 268.5649  91.4973 14.81276674315075
WORLDVIEW-3 (WV-3)      
1 40115U 14048A   20127.78822169  .00000012  00000-0  75396-5 0  9991
2 40115  97.7788 204.6598 0002393  90.0728 270.0757 14.85115426310612
GAOFEN 2                
1 40118U 14049A   20127.82826819  .00000026  00000-0  10055-4 0  9991
2 40118  97.8397 206.0324 0006637 314.0401  46.0252 14.80661657308915
YAOGAN 21               
1 40143U 14053A   20127.89682500  .00000672  00000-0  30983-4 0  9997
2 40143  97.4418 194.9743 0017738  58.6770  51.2360 15.23574970315079
YAOGAN 22               
1 40275U 14063A   20127.74287678 -.00000045  00000-0  00000+0 0  9992
2 40275 100.4906 241.9502 0006257 190.6965 169.4016 13.15421486266285
ASNARO                  
1 40298U 14070A   20127.87524654  .00000833  00000-0  42263-4 0  9993
2 40298  97.4171 210.7452 0002190  91.3921  43.7992 15.19642707305028
HODOYOSHI-1             
1 40299U 14070B   20127.83944324  .00000437  00000-0  20876-4 0  9996
2 40299  97.3229 205.5401 0012561 350.5640 147.2436 15.24031418305478
QSAT-EOS                
1 40301U 14070D   20127.78605110  .00001320  00000-0  52399-4 0  9998
2 40301  97.2935 203.1773 0024520 339.9218 168.2020 15.26847489305579
YAOGAN 23               
1 40305U 14071A   20127.87565686  .00000590  00000-0  32259-4 0  9997
2 40305  97.5220  67.6377 0000669  67.9497  16.1726 15.18122941303427
YAOGAN 24               
1 40310U 14072A   20127.84531260  .00000044  00000-0  13618-4 0  9994
2 40310  97.8915 250.8314 0015865 260.4539  99.4882 14.76289395294397
CBERS 4                 
1 40336U 14079A   20127.84321418 -.00000021  00000-0  81324-5 0  9997
2 40336  98.5628 199.8109 0000863 117.3629 242.7634 14.35411302283712
RESURS P2               
1 40360U 14087A   20127.88964024  .00000480  00000-0  17154-4 0  9990
2 40360  97.2437 217.4985 0008630 345.2606 150.5281 15.33508217299946
YAOGAN 26               
1 40362U 14088A   20127.85444249  .00000657  00000-0  30258-4 0  9998
2 40362  97.2497 197.2160 0007652 288.1253 183.3928 15.23631156298534
SMAP                    
1 40376U 15003A   20127.81506084  .00000041  00000-0  16939-4 0  9990
2 40376  98.1241 134.9611 0002104  94.2798 265.8642 14.63383002281136
KOMPSAT-3A              
1 40536U 15014A   20127.86201921 -.00000006  00000-0  33480-5 0  9990
2 40536  97.5392  67.8722 0000883  93.0454 352.0512 15.12258631282432
SENTINEL-2A             
1 40697U 15028A   20127.79497250  .00000004  00000-0  18351-4 0  9993
2 40697  98.5700 202.6202 0001269  91.6078 268.5246 14.30815145254501
GAOFEN 8                
1 40701U 15030A   20127.90294384  .00000786  00000-0  35863-4 0  9992
2 40701  97.4655 250.5902 0009025 298.3078 213.4431 15.23572545270912
CARBONITE 1 (CBNT-1)    
1 40718U 15032D   20127.93766133  .00000114  00000-0  24452-4 0  9998
2 40718  97.8441  10.1811 0016925 350.4834   9.6056 14.74801840259691
YAOGAN 27               
1 40878U 15040A   20127.71824253 -.00000043  00000-0  11993-5 0  9997
2 40878 100.2363 177.3879 0007812 322.8797  37.1773 13.15964785225525
GAOFEN 9                
1 40894U 15047A   20127.81667179  .00000064  00000-0  16476-4 0  9997
2 40894  97.8885 208.0590 0033236 180.2171 179.9023 14.76299313250332
LAPAN-A2                
1 40931U 15052B   20127.87839321  .00000474  00000-0 -23234-4 0  9997
2 40931   5.9949 271.9593 0014493  48.7166 311.3922 14.76632857249100
YAOGAN 28               
1 41026U 15064A   20127.90591966  .00000580  00000-0  27249-4 0  9997
2 41026  97.4478 259.9714 0001062 172.7481 300.3294 15.23526328250768
YAOGAN 29               
1 41038U 15069A   20127.80444306  .00000043  00000-0  12529-4 0  9998
2 41038  98.0083 115.8506 0002080  58.1972 301.9442 14.80445881240118
KENT RIDGE 1            
1 41167U 15077B   20126.96416640  .00000664  00000-0  42358-6 0  9990
2 41167  14.9823  73.4903 0011135 142.4635 273.3494 15.09143902242352
TELEOS 1                
1 41169U 15077D   20127.94879205  .00001077  00000-0  24262-4 0  9992
2 41169  14.9824  51.6247 0009771 180.0555 251.5874 15.10524563242635
GAOFEN 4                
1 41194U 15083A   20127.93070166 -.00000344  00000-0  00000-0 0  9992
2 41194   0.0891  93.0598 0005081  70.4208 142.4881  1.00267668 16100
JASON-3                 
1 41240U 16002A   20127.73812996 -.00000077  00000-0 -68808-4 0  9997
2 41240  66.0401  91.7894 0008383 271.6948  88.3106 12.80929715201213
SENTINEL-3A             
1 41335U 16011A   20127.91249677 -.00000007  00000-0  15091-4 0  9990
2 41335  98.6266 195.2684 0000994  92.2477 267.8817 14.26736180219754
SENTINEL-1B             
1 41456U 16025A   20127.78414655  .00000005  00000-0  10803-4 0  9997
2 41456  98.1824 135.1782 0001379  82.8663 277.2691 14.59198395214650
ZIYUAN 3-2 (ZY 3-2)     
1 41556U 16033A   20127.88543954  .00000493  00000-0  24994-4 0  9990
2 41556  97.3645 203.8842 0004205 137.0463 355.1599 15.21379393218594
NUSAT-1 (FRESCO)        
1 41557U 16033B   20127.85973902  .00001141  00000-0  44515-4 0  9990
2 41557  97.4021 218.3589 0012248 230.4920 129.5237 15.27936843219425
NUSAT-2 (BATATA)        
1 41558U 16033C   20127.87896077  .00001286  00000-0  46983-4 0  9991
2 41558  97.4072 220.5263 0011345 227.3778 132.6507 15.29912297219535
CARTOSAT-2C             
1 41599U 16040A   20127.92747685  .00000443  00000-0  24252-4 0  9999
2 41599  97.4527 187.9723 0013879   1.9446 345.6583 15.19253449214782
SKYSAT-C1               
1 41601U 16040C   20127.49634182  .00001239  00000-0  35575-4 0  9996
2 41601  97.2245 205.9209 0004785 322.7928  37.2887 15.37722534215267
LAPAN-A3                
1 41603U 16040E   20128.19018898  .00000165  00000-0  10782-4 0  9996
2 41603  97.3128 183.0175 0013479 354.5296  91.0239 15.19828330214875
BIROS                   
1 41604U 16040F   20127.83303026  .00000430  00000-0  21787-4 0  9999
2 41604  97.3181 186.4315 0011545 338.9660  21.1100 15.21999752215042
GAOFEN 3                
1 41727U 16049A   20127.84574427 -.00000028  00000-0  47139-5 0  9994
2 41727  98.4130 136.0422 0001856  88.6378 271.5025 14.42212145196875
SKYSAT-C4               
1 41771U 16058B   20127.77190663  .00001200  00000-0  34583-4 0  9991
2 41771  97.2115 198.6672 0002499  93.3304 266.8228 15.37670140202262
SKYSAT-C5               
1 41772U 16058C   20127.91581924  .00000435  00000-0  20947-4 0  9990
2 41772  97.3599 198.3940 0001998  78.9447 335.8380 15.23796604202215
SKYSAT-C2               
1 41773U 16058D   20127.68382848  .00001179  00000-0  33862-4 0  9995
2 41773  97.2118 198.8889 0001977  75.5903 284.5562 15.37798157202274
SKYSAT-C3               
1 41774U 16058E   20127.69575507  .00001188  00000-0  34175-4 0  9991
2 41774  97.2113 198.8787 0003671  84.1086 276.0577 15.37738845202267
ALSAT 1B                
1 41785U 16059C   20127.77065359 -.00000018  00000-0  55365-5 0  9999
2 41785  98.0164 184.8317 0032588  84.2729 276.2168 14.63358848192807
PATHFINDER 1            
1 41787U 16059E   20127.75898584  .00000049  00000-0  18330-4 0  9996
2 41787  98.0198 185.8103 0031537  82.2995 278.1784 14.63727304192842
SCATSAT 1               
1 41790U 16059H   20127.81273047  .00000002  00000-0  11458-4 0  9991
2 41790  98.1649 169.3293 0007007  55.5633 304.6210 14.50908906191182
WORLDVIEW-4 (WV-4)      
1 41848U 16067A   20127.89524181  .00000521  00000-0  15166-4 0  9996
2 41848  97.8465 232.9409 0006041 180.5979 179.5255 15.40512634190437
GOKTURK 1A              
1 41875U 16073A   20127.81565564  .00000007  00000-0  10493-4 0  9992
2 41875  98.1578  22.5220 0001225  68.2047 291.9284 14.62753248182474
RESOURCESAT-2A          
1 41877U 16074A   20127.91809899 -.00000010  00000-0  14880-4 0  9997
2 41877  98.5938 198.1631 0001566 106.4658 253.6677 14.21682188177145
CARTOSAT-2D             
1 41948U 17008A   20127.89366686  .00000278  00000-0  16452-4 0  9995
2 41948  97.4954 186.6622 0008804 131.8246 228.3741 15.19211150178652
SENTINEL-2B             
1 42063U 17013A   20127.82986073 -.00000009  00000-0  13207-4 0  9999
2 42063  98.5709 202.6431 0001156  77.9101 282.2198 14.30813783165429
ZHUHAI-1 02 (CAS 4B)    
1 42759U 17034B   20127.88375816  .00000269  00000-0  29814-4 0  9995
2 42759  43.0185 255.4474 0009733 131.3111  14.2746 15.09807815159681
NUSAT-3 (MILANESAT)     
1 42760U 17034C   20127.86402642  .00000201  00000-0  25418-4 0  9995
2 42760  43.0170 254.3421 0008829 151.6979 351.5966 15.10277210159705
ZHUHAI-1 01 (CAS 4A)    
1 42761U 17034D   20127.82863777  .00000277  00000-0  30280-4 0  9998
2 42761  43.0185 255.0760 0010147 132.1700   4.7772 15.09886313159674
CARTOSAT-2E             
1 42767U 17036C   20127.91175225  .00000416  00000-0  22920-4 0  9997
2 42767  97.4253 187.3176 0008597 176.2379 183.8921 15.19259116159226
FORMOSAT-5              
1 42920U 17049A   20127.71768152 -.00000025  00000-0  48721-5 0  9992
2 42920  98.2994 207.2351 0011990  97.6479 262.6078 14.50848301142969
SENTINEL-5P             
1 42969U 17064A   20127.73682240 -.00000030  00000-0  65582-5 0  9997
2 42969  98.7332  67.4370 0001169  87.5862 272.5448 14.19553033132837
SKYSAT-C11              
1 42987U 17068A   20127.89211452  .00001366  00000-0  38521-4 0  9995
2 42987  97.2254 242.7443 0009611 191.9771 168.1247 15.38099304139698
SKYSAT-C10              
1 42988U 17068B   20127.61956558  .00001338  00000-0  37847-4 0  9998
2 42988  97.2296 242.2316 0002332 219.8088 140.2987 15.38068590139676
SKYSAT-C9               
1 42989U 17068C   20127.86774806  .00001359  00000-0  38405-4 0  9994
2 42989  97.2257 242.1138 0003347  91.9141 268.2488 15.38060824139906
SKYSAT-C8               
1 42990U 17068D   20127.53505832  .00001378  00000-0  38830-4 0  9994
2 42990  97.2293 242.5298 0002468 172.2877 187.8407 15.38137026139682
SKYSAT-C7               
1 42991U 17068E   20127.84817006  .00001356  00000-0  38330-4 0  9999
2 42991  97.2299 242.8346 0001635 112.8756 247.2662 15.38073221139733
SKYSAT-C6               
1 42992U 17068F   20127.90301449  .00001331  00000-0  37651-4 0  9994
2 42992  97.2312 243.0896 0003543 107.5029 252.6603 15.38073780139754
CARTOSAT-2F             
1 43111U 18004A   20127.91316471  .00000392  00000-0  21744-4 0  9993
2 43111  97.3888 188.4974 0003990 182.6342 349.0029 15.19278351128407
MICROSAT-TD             
1 43128U 18004T   20127.88096946  .00033423  00000-0  18648-3 0  9998
2 43128  96.7566 181.1566 0004861 329.9185  30.1804 15.79336019132829
NUSAT-4 (ADA)           
1 43195U 18015D   20127.92954346  .00001036  00000-0  45063-4 0  9993
2 43195  97.4326 256.9282 0015984 241.4171 235.0440 15.24444765125565
NUSAT-5 (MARYAM)        
1 43204U 18015K   20127.92338652  .00001021  00000-0  44181-4 0  9994
2 43204  97.4329 257.1177 0015386 243.6304 231.3384 15.24650785125177
GAOFEN 1-02             
1 43259U 18031A   20127.84041822  .00000025  00000-0  10950-4 0  9993
2 43259  97.9649 206.7569 0004041 343.6465  16.4598 14.76447357113280
GAOFEN 1-03             
1 43260U 18031B   20127.81784323  .00000062  00000-0  16251-4 0  9993
2 43260  97.9643 206.7455 0006366  50.3755 309.8006 14.76449873113273
GAOFEN 1-04             
1 43262U 18031D   20127.79519646  .00000042  00000-0  13352-4 0  9993
2 43262  97.9653 206.6881 0003750 358.6395   1.4795 14.76452605113262
SENTINEL-3B             
1 43437U 18039A   20127.74476781  .00000003  00000-0  19134-4 0  9993
2 43437  98.6306 195.0317 0000895  79.7063 280.4218 14.26735082105790
GAOFEN 5                
1 43461U 18043A   20127.82053949  .00000015  00000-0  13184-4 0  9993
2 43461  98.1949  65.5673 0002276 134.0166 226.1223 14.57759882106236
GAOFEN 6                
1 43484U 18048A   20127.82238727  .00000049  00000-0  14376-4 0  9993
2 43484  97.9865 208.1000 0009821 162.0060 198.1488 14.76490893103975
GAOFEN 11               
1 43585U 18063A   20127.85678507  .00000532  00000-0  25134-4 0  9990
2 43585  97.3838 208.1365 0017100   9.7943 126.7163 15.23584213 98907
AEOLUS                  
1 43600U 18066A   20127.61060498  .00029202  00000-0  11358-3 0  9996
2 43600  96.7190 134.6358 0006391  80.2124 279.9870 15.87060084 98731
ICESAT-2                
1 43613U 18070A   20127.71717767  .00001159  00000-0  41910-4 0  9993
2 43613  92.0013  50.1376 0003397  96.0468 264.1168 15.28274012 91517
HYSIS                   
1 43719U 18096A   20127.93304420  .00000070  00000-0  16576-4 0  9991
2 43719  97.9059 195.8654 0010815  10.6345 349.5077 14.78733805 77541
KAZSTSAT                
1 43783U 18099AB  20127.78211057 -.00000221  00000-0 -15554-4 0  9996
2 43783  97.7201 199.8118 0007640 331.2967  28.7831 14.93609123 77616
SAUDISAT 5A             
1 43831U 18102A   20127.90667527  .00000748  00000-0  52623-4 0  9996
2 43831  97.5711 204.5104 0013244 303.0049 168.7295 15.08035612 77878
SAUDISAT 5B             
1 43833U 18102C   20127.96702398  .00000240  00000-0  19433-4 0  9999
2 43833  97.5721 204.9089 0014015 311.3731 221.7456 15.08476562 77898
GAOFEN 10R              
1 44622U 19066A   20127.86653991  .00000086  00000-0  17759-4 0  9996
2 44622  97.8142  72.2979 0001699  63.0948 297.0439 14.80662458 31824
CARTOSAT-3              
1 44804U 19081A   20127.90082391  .00000316  00000-0  18437-4 0  9990
2 44804  97.4999 188.9554 0016429  38.5868  35.7755 15.18817805 24494
GAOFEN 12               
1 44819U 19082A   20127.84635435  .00000028  00000-0  10497-4 0  9991
2 44819  97.9162 150.4426 0001929  93.9644 266.1787 14.80205954 23796
NUSAT-7 (SOPHIE)        
1 45017U 20003B   20127.84607897  .00000702  00000-0  28760-4 0  9999
2 45017  97.3193 194.7708 0011814 230.1565 129.8636 15.27493695 17200
NUSAT-8 (MARIE)         
1 45018U 20003C   20127.66688036  .00000820  00000-0  33388-4 0  9997
2 45018  97.3211 194.5781 0011059 227.0599 132.9713 15.27260827 17170
