STARLINK-31             
1 44235U 19029A   20127.91667824 -.00031710  00000-0 -18096-2 0  9994
2 44235  53.0036  39.1897 0001651  72.2258 279.2745 15.12137572  1767
STARLINK-22             
1 44236U 19029B   20127.83335648 -.00035136  00000-0 -45638-3 0  9991
2 44236  53.0048  11.0302 0011889  79.8201 295.3505 15.57869222  1818
STARLINK-23             
1 44237U 19029C   20127.83335648 -.00017490  00000-0 -98858-3 0  9997
2 44237  52.9997  39.3355 0001351  96.6126 125.0281 15.12134476 52809
STARLINK-24             
1 44238U 19029D   20127.47654236  .00002483  00000-0  15632-3 0  9998
2 44238  52.9987  39.9259 0001474  75.3497 284.7658 15.12872385 52684
STARLINK-25             
1 44239U 19029E   20127.83335648 -.00025064  00000-0 -14255-2 0  9993
2 44239  53.0075  39.8386 0001497  84.7199 227.0087 15.12135847 52718
STARLINK-26             
1 44240U 19029F   20127.83335648 -.00019830  00000-0 -41540-3 0  9997
2 44240  53.0104   3.3032 0001140  90.4005 112.5018 15.44340061  1809
STARLINK-27             
1 44241U 19029G   20127.91667824 -.00033705  00000-0 -19240-2 0  9999
2 44241  53.0062  39.3320 0001662  67.3952 302.1675 15.12157566  1778
STARLINK-28             
1 44242U 19029H   20127.83335648 -.00030040  00000-0 -38770-3 0  9996
2 44242  52.9957   4.8920 0002927  93.6635  88.0012 15.58050839  1813
STARLINK-29             
1 44243U 19029J   20127.91667824  .00035409  00000-0  47513-3 0  9997
2 44243  53.0026 313.0870 0011560  77.6613 301.5753 15.57553292 54007
STARLINK-30             
1 44244U 19029K   20127.83335648 -.00016772  00000-0 -94666-3 0  9990
2 44244  53.0010  39.2304 0001977  76.8032  84.9155 15.12153066 52762
STARLINK-21             
1 44245U 19029L   20127.83335648 -.00016947  00000-0 -95725-3 0  9992
2 44245  52.9991  39.4087 0001480  83.5840 162.0553 15.12134901 52778
STARLINK-33             
1 44247U 19029N   20127.83335648 -.00031927  00000-0 -41623-3 0  9997
2 44247  53.0063   6.6067 0003095  90.6191  42.5863 15.57816736  1826
STARLINK-34             
1 44248U 19029P   20127.83335648 -.00030452  00000-0 -37902-3 0  9995
2 44248  53.0013  16.2526 0002402  68.9100  72.9125 15.59015167  1827
STARLINK-61             
1 44249U 19029Q   20127.91667824 -.00028948  00000-0 -13940-2 0  9991
2 44249  52.9995  27.5778 0005358 237.6550 117.0780 15.18047736  1769
STARLINK-36             
1 44250U 19029R   20127.91667824 -.00021497  00000-0 -12199-2 0  9990
2 44250  53.0004  38.9477 0001786  86.9989 198.5101 15.12126260  1763
STARLINK-37             
1 44251U 19029S   20127.91667824 -.00029997  00000-0 -17105-2 0  9996
2 44251  52.9825  38.0436 0001858  86.8413 204.6079 15.12137276  1762
STARLINK-71             
1 44252U 19029T   20127.44653870  .00001501  00000-0  10305-3 0  9996
2 44252  53.0025  40.2218 0001665  65.2264 294.8900 15.12171249 52679
STARLINK-39             
1 44253U 19029U   20127.91667824 -.00033722  00000-0 -19265-2 0  9998
2 44253  53.0059  39.2949 0001459  74.4350 283.1472 15.12130079 52799
STARLINK-32             
1 44254U 19029V   20127.91667824 -.00028888  00000-0 -16467-2 0  9997
2 44254  52.9994  38.9509 0001606  85.0001 224.5194 15.12130974  1764
STARLINK-66             
1 44255U 19029W   20127.91667824 -.00013191  00000-0 -16822-3 0  9995
2 44255  53.0037   5.9808 0002698  87.7455 126.2230 15.57733267  1778
STARLINK-42             
1 44256U 19029X   20127.91667824 -.00019656  00000-0 -25146-3 0  9997
2 44256  52.9947   7.0615 0003540 108.2105 278.8435 15.58006323  1783
STARLINK-43             
1 44257U 19029Y   20127.91667824 -.00011311  00000-0 -35731-3 0  9999
2 44257  53.0024 351.5028 0002590  86.4732 349.2220 15.31329819  1777
STARLINK-40             
1 44258U 19029Z   20127.83335648 -.00017439  00000-0 -98564-3 0  9997
2 44258  53.0004  39.3333 0001611  90.7205 118.9466 15.12132371 52786
STARLINK-52             
1 44259U 19029AA  20127.91667824  .00039055  00000-0  52284-3 0  9996
2 44259  53.0036 314.8333 0003012 102.3761 133.0424 15.57637043 53864
STARLINK-45             
1 44260U 19029AB  20127.91667824 -.00032485  00000-0 -18513-2 0  9996
2 44260  53.0102  37.8393 0001379  86.5147 246.8078 15.12199103 52861
STARLINK-44             
1 44261U 19029AC  20127.83335648 -.00017334  00000-0 -97971-3 0  9996
2 44261  53.0003  39.3127 0001358  83.0767 120.5833 15.12128230 52793
STARLINK-49             
1 44262U 19029AD  20127.91667824 -.00033534  00000-0 -19143-2 0  9994
2 44262  53.0059  39.3400 0001536  87.0843 288.4201 15.12154055  1764
STARLINK-72             
1 44263U 19029AE  20127.91667824 -.00030197  00000-0 -17222-2 0  9993
2 44263  53.0016  38.8005 0001308  88.0303 161.5131 15.12136180 52805
STARLINK-35             
1 44264U 19029AF  20127.91667824 -.00026663  00000-0 -15176-2 0  9993
2 44264  53.0008  38.8896 0001717  90.3578 177.1033 15.12141718  1765
STARLINK-63             
1 44265U 19029AG  20127.83335648  .00055113  00000-0  31527-2 0  9999
2 44265  53.0004  38.6393 0001317  94.8328  84.8013 15.12149629  1794
STARLINK-54             
1 44266U 19029AH  20127.83335648 -.00016289  00000-0 -91948-3 0  9997
2 44266  52.9959  38.6132 0001732  76.5095 247.2118 15.12128821  1794
STARLINK-69             
1 44267U 19029AJ  20127.83335648 -.00018122  00000-0 -10249-2 0  9990
2 44267  53.0007  38.4837 0001763  88.2500 163.3914 15.12136892 52780
STARLINK-55             
1 44268U 19029AK  20127.91667824 -.00017522  00000-0 -22199-3 0  9995
2 44268  52.9956   5.3389 0002904  91.7210 225.4434 15.58174346  1778
STARLINK-57             
1 44269U 19029AL  20127.91667824 -.00033212  00000-0 -18957-2 0  9996
2 44269  52.9999  38.6426 0001933  88.4863 293.0225 15.12152223  1774
STARLINK-58             
1 44270U 19029AM  20127.83335648 -.00028127  00000-0 -34455-3 0  9996
2 44270  53.0031  16.4490 0003272  92.8285 168.0291 15.59383117  1813
STARLINK-59             
1 44271U 19029AN  20127.91667824 -.00025305  00000-0 -14391-2 0  9991
2 44271  52.9987  38.1892 0001650  86.6980 150.7334 15.12142797  1766
STARLINK-51             
1 44272U 19029AP  20127.91667824 -.00022994  00000-0 -13049-2 0  9992
2 44272  52.9991  38.8143 0001494  84.6402 176.8141 15.12165614  1769
STARLINK-60             
1 44273U 19029AQ  20127.88706926  .00049572  00000-0  68850-3 0  9996
2 44273  52.9967 304.2815 0004462 298.9874  61.0689 15.56535347 54122
STARLINK-62             
1 44274U 19029AR  20127.91667824 -.00018370  00000-0 -22529-3 0  9991
2 44274  53.0058  15.8723 0003259  93.8312 158.8806 15.59063708  1770
STARLINK-64             
1 44275U 19029AS  20127.83335648 -.00024686  00000-0 -65200-3 0  9999
2 44275  52.9929  20.7075 0005819 168.0379 132.0084 15.37525169  1809
STARLINK-65             
1 44276U 19029AT  20127.91667824 -.00030239  00000-0 -17245-2 0  9999
2 44276  53.0019  38.7728 0001555  80.1592 133.3725 15.12137980 52816
STARLINK-41             
1 44277U 19029AU  20127.83335648 -.00032327  00000-0 -36983-3 0  9998
2 44277  53.0068   8.8286 0009615  82.9539 194.0069 15.61170101  1819
STARLINK-67             
1 44278U 19029AV  20127.91667824  .00016804  11379-4  45244-4 0  9998
2 44278  52.9911 220.9086 0007897  61.7915 260.7605 15.97148758 55248
STARLINK-68             
1 44279U 19029AW  20127.91667824 -.00024707  00000-0 -14047-2 0  9992
2 44279  53.0007  37.7468 0001602  85.4842 193.9543 15.12140171 52776
STARLINK-38             
1 44280U 19029AX  20127.83335648 -.00017472  00000-0 -98710-3 0  9992
2 44280  53.0018  39.1118 0001972  74.8718  50.7652 15.12148048 52808
STARLINK-70             
1 44281U 19029AY  20127.83335648 -.00017806  00000-0 -10069-2 0  9994
2 44281  53.0017  38.6734 0001427  93.5366 140.1998 15.12129737  1803
STARLINK-80             
1 44282U 19029AZ  20127.87705306  .00005479  00000-0  22987-3 0  9995
2 44282  53.0218   5.5937 0005429 104.6702 255.4896 15.25022000 51686
STARLINK-56             
1 44283U 19029BA  20127.91667824 -.00024623  00000-0 -13999-2 0  9999
2 44283  53.0017  38.8189 0001474  76.3050 155.1992 15.12139793 52812
STARLINK-73             
1 44284U 19029BB  20127.91667824 -.00025202  00000-0 -14330-2 0  9994
2 44284  53.0015  38.7929 0001738  82.3009 143.1492 15.12147236 52808
STARLINK-50             
1 44285U 19029BC  20127.91667824 -.00030268  00000-0 -17267-2 0  9995
2 44285  52.9998  38.7850 0001694  84.0213 159.5640 15.12127116 53865
STARLINK-75             
1 44286U 19029BD  20127.91667824 -.00015120  00000-0 -19325-3 0  9994
2 44286  53.0063   7.6066 0011055 108.2085  64.1287 15.57722514  1776
STARLINK-76             
1 44287U 19029BE  20127.83335648 -.00017380  00000-0 -98208-3 0  9999
2 44287  52.9996  39.3569 0001517 102.3222 125.3155 15.12138237  1790
STARLINK-79             
1 44288U 19029BF  20127.91667824 -.00033713  00000-0 -19254-2 0  9994
2 44288  53.0067  39.4163 0001590  98.8817 294.6047 15.12140158 53874
STARLINK-48             
1 44289U 19029BG  20127.91667824 -.00027448  00000-0 -12553-2 0  9998
2 44289  53.0032  14.0966 0003127  69.9744  26.9386 15.19805407 54205
STARLINK-78             
1 44290U 19029BH  20127.91667824 -.00031824  00000-0 -18152-2 0  9994
2 44290  53.0064  39.3082 0001395  80.7278 306.8005 15.12157454  1776
STARLINK-77             
1 44291U 19029BJ  20127.91667824 -.00039137  00000-0 -22399-2 0  9998
2 44291  53.0071  39.4890 0001624  83.1018 328.4381 15.12136240  1774
STARLINK-81             
1 44292U 19029BK  20127.91667824 -.00034127  00000-0 -19491-2 0  9992
2 44292  53.0069  39.5148 0001655  69.8277 353.6716 15.12144983 53863
STARLINK-74             
1 44293U 19029BL  20127.83335648 -.00015663  00000-0 -88298-3 0  9996
2 44293  53.0064  39.7408 0001656  84.5323 185.1296 15.12146943 53855
STARLINK-53             
1 44294U 19029BM  20127.83335648 -.00018762  00000-0 -10615-2 0  9997
2 44294  52.9986  38.5322 0001561  95.0992  18.6012 15.12146199 53863
STARLINK-1007           
1 44713U 19074A   20127.83335648 -.00015873  00000-0 -10720-2 0  9990
2 44713  52.9995  41.3793 0001831  76.6686  65.8076 15.05600619  1791
STARLINK-1008           
1 44714U 19074B   20127.91667824 -.00030165  00000-0 -20576-2 0  9995
2 44714  53.0018  40.9901 0001629  61.8937 262.4351 15.05621239  1765
STARLINK-1009           
1 44715U 19074C   20127.91667824 -.00031845  00000-0 -21757-2 0  9994
2 44715  52.9981  41.0198 0001583  77.4404 300.9172 15.05588074 27478
STARLINK-1010           
1 44716U 19074D   20127.91667824 -.00032151  00000-0 -25456-2 0  9996
2 44716  52.9708  39.1878 0001553  63.2550 316.3740 15.00053024 27504
STARLINK-1011           
1 44717U 19074E   20127.83335648  .00004802  00000-0  34858-3 0  9991
2 44717  52.9983  61.3789 0001514  88.6301  69.7980 15.05575220  1802
STARLINK-1012           
1 44718U 19074F   20127.83335648 -.00014751  00000-0 -99473-3 0  9992
2 44718  52.9994  41.3780 0001829  75.1774 283.2760 15.05600364  1793
STARLINK-1013           
1 44719U 19074G   20127.91667824 -.00023597  00000-0 -16037-2 0  9998
2 44719  52.9995  41.0056 0001370  72.4000 323.9259 15.05626055 27474
STARLINK-1014           
1 44720U 19074H   20127.91667824 -.00030867  00000-0 -21053-2 0  9992
2 44720  53.0024  40.9914 0007758 344.5469 321.8152 15.05607655  1768
STARLINK-1015           
1 44721U 19074J   20127.83335648 -.00014095  00000-0 -94958-3 0  9990
2 44721  52.9926  41.4072 0001729  81.1899 187.3333 15.05598891  1792
STARLINK-1016           
1 44722U 19074K   20127.83335648 -.00014767  00000-0 -99608-3 0  9994
2 44722  53.0026  41.3567 0001741  74.4877 176.0019 15.05591676 27472
STARLINK-1017           
1 44723U 19074L   20127.91667824 -.00030066  00000-0 -20523-2 0  9997
2 44723  52.9993  41.0036 0001837  76.0954 194.2915 15.05592653  1769
STARLINK-1019           
1 44724U 19074M   20127.83335648 -.00015064  00000-0 -10162-2 0  9994
2 44724  52.9990  41.3800 0001803  80.7756 295.6771 15.05602756  1801
STARLINK-1020           
1 44725U 19074N   20127.83335648  .00007780  00000-0  55245-3 0  9991
2 44725  52.9985  61.3756 0001299  95.8961 206.4225 15.05584687 27187
STARLINK-1021           
1 44726U 19074P   20127.91667824 -.00033015  00000-0 -22562-2 0  9992
2 44726  52.9994  41.0062 0001748  71.9019  54.4327 15.05596214  1760
STARLINK-1022           
1 44727U 19074Q   20127.83335648  .00099617  00000-0  67612-2 0  9993
2 44727  53.0093  81.3112 0001430  81.7755  22.8627 15.05574257 26919
STARLINK-1023           
1 44728U 19074R   20127.91667824 -.00032334  00000-0 -24108-2 0  9995
2 44728  52.9981  40.5655 0001579  73.1086  48.1150 15.02332817  1768
STARLINK-1024           
1 44729U 19074S   20127.91667824 -.00022666  00000-0 -15398-2 0  9994
2 44729  52.9985  60.9996 0001544  93.9835 210.2812 15.05618555  1756
STARLINK-1025           
1 44730U 19074T   20127.91667824 -.00030304  00000-0 -20681-2 0  9995
2 44730  52.9988  41.0059 0001827  75.7118 212.6339 15.05605308  1760
STARLINK-1026           
1 44731U 19074U   20127.83335648 -.00013930  00000-0 -93803-3 0  9996
2 44731  52.9982  41.3809 0001917  66.4567 256.1045 15.05607449  1794
STARLINK-1027           
1 44732U 19074V   20127.83335648  .00011255  00000-0  79062-3 0  9994
2 44732  52.9985  61.3779 0001540  79.0986 277.3129 15.05568569 27181
STARLINK-1028           
1 44733U 19074W   20127.83335648 -.00016204  00000-0 -10949-2 0  9994
2 44733  52.9998  41.3817 0001813  78.8482 333.6306 15.05597279  1802
STARLINK-1029           
1 44734U 19074X   20127.91667824 -.00026009  00000-0 -29963-3 0  9999
2 44734  52.9994  19.8212 0005125 150.2353 297.7149 15.60915934  1785
STARLINK-1030           
1 44735U 19074Y   20127.91667824 -.00025989  00000-0 -17698-2 0  9997
2 44735  52.9979  61.0061 0001546  81.5523 330.7041 15.05605009 27198
STARLINK-1031           
1 44736U 19074Z   20127.91667824  .03968527  00000-0  28773+0 0  9996
2 44736  52.9981  60.9888 0003235  36.0951 324.6795 14.99244500 27201
STARLINK-1032           
1 44737U 19074AA  20127.91667824 -.00020933  00000-0 -14211-2 0  9991
2 44737  52.9987  60.9997 0001593  78.7213 189.4639 15.05595631 27204
STARLINK-1033           
1 44738U 19074AB  20127.83335648  .00004451  00000-0  32440-3 0  9999
2 44738  52.9955  61.3966 0001507  86.0091 162.3543 15.05587036 27183
STARLINK-1052           
1 44739U 19074AC  20127.91667824 -.00000556  00000-0 -18975-4 0  9995
2 44739  52.9982  61.0034 0001355  88.4588 287.8184 15.05579860 27196
STARLINK-1035           
1 44740U 19074AD  20127.83335648  .00003896  00000-0  28631-3 0  9991
2 44740  52.9983  61.3767 0001845  83.0967 111.3562 15.05597265 27191
STARLINK-1036           
1 44741U 19074AE  20127.91667824 -.00037267  00000-0 -25505-2 0  9992
2 44741  52.9976  61.0037 0001393  83.0669 149.2119 15.05601301  1768
STARLINK-1037           
1 44742U 19074AF  20127.54454955  .00001521  00000-0  12259-3 0  9996
2 44742  53.0002  62.5903 0000461  24.7929 335.3081 15.05876931 26974
STARLINK-1038           
1 44743U 19074AG  20127.83335648  .00023211  00000-0  16070-2 0  9990
2 44743  52.9987  81.3776 0001635  89.5563 123.1626 15.05578972  1806
STARLINK-1039           
1 44744U 19074AH  20127.83335648  .00023694  00000-0  16400-2 0  9993
2 44744  52.9978  81.3797 0001747  87.1571  89.4886 15.05576847  1796
STARLINK-1040           
1 44745U 19074AJ  20127.15347727  .00051239  00000-0  18380-3 0  9996
2 44745  52.9900   4.6543 0003784  66.1793 293.9627 15.88265764 27747
STARLINK-1041           
1 44746U 19074AK  20127.83335648  .00023405  00000-0  16194-2 0  9995
2 44746  52.9988  81.3761 0001357  89.0922 141.5920 15.05597510  1809
STARLINK-1042           
1 44747U 19074AL  20127.83335648  .00027833  00000-0  19223-2 0  9991
2 44747  53.0092  81.3158 0001452  77.4851   9.1725 15.05571609  1809
STARLINK-1043           
1 44748U 19074AM  20127.91667824  .00063713  00000-0  43508-2 0  9995
2 44748  53.0025  80.9859 0001676  87.5867 306.8785 15.05595351 26929
STARLINK-1044           
1 44749U 19074AN  20127.91667824 -.00020277  00000-0 -13757-2 0  9999
2 44749  52.9990  61.0063 0001739  77.2112 136.9525 15.05599287 27203
STARLINK-1045           
1 44750U 19074AP  20127.91667824  .00032188  00000-0  22173-2 0  9995
2 44750  52.9973  81.0041 0001427  80.2342 170.2423 15.05595289 26921
STARLINK-1046           
1 44751U 19074AQ  20127.91667824  .00000341  00000-0  42582-4 0  9990
2 44751  52.9971  81.0042 0001437  92.7802 193.7412 15.05592966 26928
STARLINK-1047           
1 44752U 19074AR  20127.83335648  .00008112  00000-0  57541-3 0  9992
2 44752  52.9988  61.3802 0001780  83.8506  20.4597 15.05570201  1803
STARLINK-1048           
1 44753U 19074AS  20127.83335648 -.00015427  00000-0 -10413-2 0  9998
2 44753  52.9985  41.3839 0001949  86.0837  38.3552 15.05600786  1809
STARLINK-1049           
1 44754U 19074AT  20127.91667824 -.00028679  00000-0 -19556-2 0  9992
2 44754  52.9972  41.0087 0002081  81.5879 116.8013 15.05607047  1768
STARLINK-1050           
1 44755U 19074AU  20127.91667824 -.00000982  00000-0 -48237-4 0  9990
2 44755  53.0132  80.9269 0001589  85.4754 147.0342 15.05585762 26936
STARLINK-1051           
1 44756U 19074AV  20127.83335648 -.00015810  00000-0 -10678-2 0  9990
2 44756  52.9982  41.3784 0002014  84.5671   3.9372 15.05595038  1790
STARLINK-1034           
1 44757U 19074AW  20127.91667824 -.00016280  00000-0 -11007-2 0  9993
2 44757  52.9984  61.0044 0001645  86.3610  37.9350 15.05580436  1758
STARLINK-1053           
1 44758U 19074AX  20127.83335648  .00030898  00000-0  21303-2 0  9990
2 44758  53.0042  81.3404 0001248  75.8530 298.8032 15.05583840  1807
STARLINK-1054           
1 44759U 19074AY  20127.83335648  .00029907  00000-0  20630-2 0  9992
2 44759  53.0077  81.3275 0001400  86.9295 323.7428 15.05580990  1803
STARLINK-1055           
1 44760U 19074AZ  20127.91667824 -.00000561  00000-0 -19299-4 0  9995
2 44760  53.0119  80.9327 0001397  83.1333 131.4045 15.05599343  1757
STARLINK-1056           
1 44761U 19074BA  20127.83335648  .00029074  00000-0  20073-2 0  9991
2 44761  53.0089  81.3214 0001328  89.0356 339.6576 15.05562976  1795
STARLINK-1057           
1 44762U 19074BB  20127.83335648  .00011128  00000-0  78141-3 0  9993
2 44762  52.9984  61.3758 0002173  71.0536 339.3573 15.05594680 27181
STARLINK-1058           
1 44763U 19074BC  20127.91667824 -.00004767  00000-0 -30824-3 0  9996
2 44763  53.0033  80.9799 0001675  89.7799 322.7768 15.05574123  1762
STARLINK-1059           
1 44764U 19074BD  20127.91667824 -.00022563  00000-0 -15334-2 0  9999
2 44764  52.9986  61.0024 0001578  94.3156  65.8566 15.05601689 27206
STARLINK-1060           
1 44765U 19074BE  20127.83335648  .00010308  00000-0  72532-3 0  9993
2 44765  53.0001  61.3785 0001373  85.0727 253.3499 15.05593164 27182
STARLINK-1061           
1 44766U 19074BF  20127.83335648  .00069658  00000-0  47533-2 0  9998
2 44766  53.0039  81.3455 0001464  93.9972 262.6426 15.05577079  1790
STARLINK-1062           
1 44767U 19074BG  20127.91667824 -.00000476  00000-0 -13461-4 0  9992
2 44767  53.0068  80.9592 0001536  79.8790  44.6757 15.05599285  1766
STARLINK-1063           
1 44768U 19074BH  20127.83335648  .00025476  00000-0  17619-2 0  9992
2 44768  52.9983  81.3698 0001360  92.7940 173.9303 15.05567147  1797
STARLINK-1064           
1 44769U 19074BJ  20127.91667824 -.00005317  00000-0 -34603-3 0  9993
2 44769  52.9992  81.0040 0001404 106.1593 234.4026 15.05578213  1756
STARLINK-1065           
1 44770U 19074BK  20127.37531779  .00001562  00000-0  12541-3 0  9997
2 44770  53.0049  83.3590 0000508 133.2642 226.8388 15.05866429 26671
STARLINK-1067           
1 44771U 19074BL  20127.91667824 -.00003426  00000-0 -21612-3 0  9991
2 44771  53.0019  80.9793 0001699  87.4154 343.1378 15.05575678  1765
STARLINK-1068           
1 44772U 19074BM  20127.91667824 -.00022974  00000-0 -15617-2 0  9998
2 44772  52.9989  61.0018 0001394  87.9136  18.3392 15.05604006 27197
STARLINK-1073           
1 44914U 20001A   20127.91667824 -.00025010  00000-0 -17034-2 0  9997
2 44914  53.0019 201.0065 0001095 116.1302  49.5305 15.05579204 18402
STARLINK-1084           
1 44915U 20001B   20127.83335648 -.00037196  00000-0 -25454-2 0  9998
2 44915  53.0014 201.3786 0001056  91.1413 180.6759 15.05604835  1796
STARLINK-1097           
1 44916U 20001C   20127.83335648 -.00033957  00000-0 -23210-2 0  9998
2 44916  53.0012 201.3799 0001044 113.4255 104.4059 15.05604906  1806
STARLINK-1098           
1 44917U 20001D   20127.83335648 -.00036387  00000-0 -24892-2 0  9996
2 44917  52.9992 201.3771 0001025 105.2620 148.6255 15.05607252  1799
STARLINK-1099           
1 44918U 20001E   20127.91667824 -.00025158  00000-0 -17127-2 0  9997
2 44918  53.0001 201.0011 0001328 126.9253 164.8200 15.05599568  1751
STARLINK-1101           
1 44919U 20001F   20127.91667824 -.00025347  00000-0 -17268-2 0  9994
2 44919  52.9995 201.0048 0001207 131.4022  88.3179 15.05576862  1761
STARLINK-1102           
1 44920U 20001G   20127.91667824 -.00025266  00000-0 -17207-2 0  9999
2 44920  52.9995 201.0036 0001166  97.1767 104.5438 15.05588085 18406
STARLINK-1103           
1 44921U 20001H   20127.83335648 -.00031248  00000-0 -21344-2 0  9991
2 44921  52.9992 201.3791 0001238 109.2392  36.5401 15.05589171  1799
STARLINK-1104           
1 44922U 20001J   20127.91667824 -.00024363  00000-0 -16573-2 0  9993
2 44922  53.0006 201.0041 0001105  97.9282 175.7567 15.05610057 18400
STARLINK-1106           
1 44923U 20001K   20127.91667824 -.00023171  00000-0 -15758-2 0  9994
2 44923  52.9999 201.0058 0001261 103.3967  26.3293 15.05592363  1760
STARLINK-1111           
1 44924U 20001L   20127.83335648 -.00032781  00000-0 -22400-2 0  9991
2 44924  52.9994 201.3808 0001063 106.9835 344.8814 15.05598544  1792
STARLINK-1112           
1 44925U 20001M   20127.91667824 -.00022916  00000-0 -15589-2 0  9994
2 44925  53.0012 201.0053 0001221  96.0087  15.7473 15.05574993  1763
STARLINK-1113           
1 44926U 20001N   20127.83335648 -.00038393  00000-0 -26283-2 0  9991
2 44926  53.0023 201.3662 0001075 106.6416 237.2052 15.05606052  1795
STARLINK-1114           
1 44927U 20001P   20127.91667824 -.00023091  00000-0 -15701-2 0  9997
2 44927  53.0008 201.0026 0001197 102.9695 296.7375 15.05596127 18419
STARLINK-1119           
1 44928U 20001Q   20127.91667824 -.00022696  00000-0 -15425-2 0  9991
2 44928  53.0015 201.0040 0000852 113.0819 304.6613 15.05604095 18410
STARLINK-1121           
1 44929U 20001R   20127.91667824 -.00024628  00000-0 -16766-2 0  9998
2 44929  53.0010 201.0084 0001151 111.9526  35.7410 15.05588680 18406
STARLINK-1123           
1 44930U 20001S   20127.91667824 -.00024906  00000-0 -16955-2 0  9999
2 44930  53.0003 201.0031 0000907 116.9576 210.6994 15.05595304  1763
STARLINK-1128           
1 44931U 20001T   20127.91667824 -.00024063  00000-0 -16374-2 0  9999
2 44931  53.0051 200.9846 0001322 112.3152 341.4102 15.05591730  1764
STARLINK-1130 (DARKSAT) 
1 44932U 20001U   20127.83335648 -.00037980  00000-0 -26010-2 0  9997
2 44932  53.0001 201.3774 0001128  91.3426 198.4623 15.05586941  1798
STARLINK-1144           
1 44933U 20001V   20127.91667824 -.00024502  00000-0 -16675-2 0  9993
2 44933  53.0015 201.0065 0000936 115.3683 140.3170 15.05596986  1762
STARLINK-1071           
1 44934U 20001W   20127.91667824  .00003589  00000-0  26538-3 0  9994
2 44934  53.0006 181.0058 0001305  77.9961  71.8130 15.05572820  1760
STARLINK-1072           
1 44935U 20001X   20127.91667824  .00004741  00000-0  34431-3 0  9997
2 44935  53.0012 181.0017 0000797 119.0184 192.8053 15.05584418  1766
STARLINK-1078           
1 44936U 20001Y   20127.83335648 -.00032799  00000-0 -22408-2 0  9991
2 44936  52.9992 181.3769 0001197  90.7263   3.3127 15.05605481  1804
STARLINK-1079           
1 44937U 20001Z   20127.91667824  .00005532  00000-0  39849-3 0  9996
2 44937  52.9996 180.9994 0001003 109.5011 166.4175 15.05585262  1763
STARLINK-1082           
1 44938U 20001AA  20127.83335648 -.00036904  00000-0 -25238-2 0  9999
2 44938  52.9970 181.3916 0001524  93.0129 234.8601 15.05624051  1797
STARLINK-1083           
1 44939U 20001AB  20127.91667824  .00004491  00000-0  32764-3 0  9990
2 44939  52.9862 181.0754 0001156  98.3797 285.3747 15.05531724  1768
STARLINK-1091           
1 44940U 20001AC  20127.83335648 -.00036178  00000-0 -24747-2 0  9999
2 44940  52.9762 181.5009 0001012  93.2441 144.8160 15.05606435  1791
STARLINK-1094           
1 44941U 20001AD  20127.91667824  .00003707  00000-0  27353-3 0  9990
2 44941  52.9985 181.0007 0001397  94.5061 127.3602 15.05573304  1762
STARLINK-1096           
1 44942U 20001AE  20127.83335648 -.00034696  00000-0 -23715-2 0  9998
2 44942  53.0001 181.3753 0001372  94.6619 107.3181 15.05615244  1803
STARLINK-1100           
1 44943U 20001AF  20127.91667824  .00004847  00000-0  35152-3 0  9994
2 44943  52.9913 181.0432 0000920  87.2043 314.6198 15.05586254  1766
STARLINK-1108           
1 44944U 20001AG  20127.83335648 -.00033346  00000-0 -22786-2 0  9998
2 44944  53.0001 181.3807 0001022  96.2239 339.7983 15.05606588  1805
STARLINK-1109           
1 44945U 20001AH  20127.91667824  .00004228  00000-0  30933-3 0  9991
2 44945  52.9782 181.1146 0001179 115.0623 232.7810 15.05557369  1751
STARLINK-1110           
1 44946U 20001AJ  20127.49402583 -.00000760  00000-0 -33047-4 0  9993
2 44946  53.0026 182.8992 0001100  85.7055 274.4059 15.05571540 18627
STARLINK-1116           
1 44947U 20001AK  20127.91667824  .00004124  00000-0  30197-3 0  9990
2 44947  53.0003 181.0019 0000807 103.7524 154.1565 15.05586914  1763
STARLINK-1122           
1 44949U 20001AM  20127.83335648 -.00035997  00000-0 -24621-2 0  9997
2 44949  52.9986 181.3811 0001203 107.1129 256.8621 15.05607490  1807
STARLINK-1125           
1 44950U 20001AN  20127.91667824  .00005139  00000-0  37158-3 0  9995
2 44950  52.9851 181.0845 0001100  92.4171 273.4407 15.05583970  1761
STARLINK-1126           
1 44951U 20001AP  20127.91667824  .00006102  00000-0  43764-3 0  9997
2 44951  52.9985 181.0060 0001387  88.9031 348.9703 15.05575517 19978
STARLINK-1117           
1 44952U 20001AQ  20127.91667824  .00003145  00000-0  23486-3 0  9991
2 44952  52.9998 181.0073 0000973 103.0276 100.8318 15.05586309  1763
STARLINK-1124           
1 44953U 20001AR  20127.83335648 -.00034927  00000-0 -23876-2 0  9995
2 44953  52.9999 181.3815 0001229 100.4531 281.5614 15.05613565  1808
STARLINK-1066           
1 44954U 20001AS  20127.83335648  .04332032  00000-0  13072+0 0  9990
2 44954  52.9977 162.4127 0003914  91.4142 330.3719 15.29432069 18880
STARLINK-1069           
1 44955U 20001AT  20127.91667824  .04257471  00000-0  13121+0 0  9992
2 44955  52.9962 162.0103 0003010 129.1619 358.2390 15.28811506 18891
STARLINK-1070           
1 44956U 20001AU  20127.91667824  .04260620  00000-0  13069+0 0  9994
2 44956  52.9985 162.0327 0002593 135.3738   3.2232 15.28961067 18958
STARLINK-1074           
1 44957U 20001AV  20127.91667824  .03591995  00000-0  11664+0 0  9995
2 44957  52.9953 161.9681 0003900  82.4652 325.0639 15.27786413 18950
STARLINK-1075           
1 44958U 20001AW  20127.83335648  .03483678  00000-0  10960+0 0  9999
2 44958  52.9976 162.3522 0003289  33.5272 298.2664 15.28298715 18931
STARLINK-1076           
1 44959U 20001AX  20127.91667824  .03389346  00000-0  11062+0 0  9994
2 44959  52.9958 162.0600 0003692  53.2510 307.6409 15.27200802 18951
STARLINK-1077           
1 44960U 20001AY  20127.83335648  .03594316  00000-0  11213+0 0  9996
2 44960  52.9974 162.3632 0003358  43.3644 299.8442 15.28441823 18934
STARLINK-1080           
1 44961U 20001AZ  20127.83335648  .04558379  00000-0  13272+0 0  9994
2 44961  52.9976 162.3745 0003637 109.7141 341.0760 15.30367584 18949
STARLINK-1081           
1 44962U 20001BA  20127.75001157  .03493304  00000-0  10570+0 0  9994
2 44962  52.9988 162.8252 0002958  19.6168 291.7748 15.29567714 18924
STARLINK-1085           
1 44963U 20001BB  20127.91667824  .04149385  00000-0  12892+0 0  9999
2 44963  52.9984 161.9995 0003148 123.5608 352.5741 15.28657724 19684
STARLINK-1086           
1 44964U 20001BC  20127.91667824  .04259269  00000-0  13255+0 0  9997
2 44964  52.9979 162.0002 0003411 115.8035 348.9939 15.28490718 18956
STARLINK-1087           
1 44965U 20001BD  20127.91667824  .06855204  00000-0  26575-1 0  9992
2 44965  52.9931 158.5569 0003568  69.9662 292.7899 15.81990110 19739
STARLINK-1088           
1 44966U 20001BE  20127.91667824  .03641487  00000-0  11676+0 0  9990
2 44966  52.9962 162.0184 0003890  71.4993 312.8050 15.27478537 18950
STARLINK-1089           
1 44967U 20001BF  20127.83335648  .04414700  00000-0  13033+0 0  9994
2 44967  52.9974 162.4144 0003782  96.6921 332.4479 15.30063093 18947
STARLINK-1090           
1 44968U 20001BG  20127.91667824  .04237989  00000-0  12569+0 0  9993
2 44968  52.9969 161.9974 0001721 169.0013  10.3680 15.30083311 18957
STARLINK-1092           
1 44969U 20001BH  20127.91667824  .03272305  00000-0  10772+0 0  9998
2 44969  52.9959 162.0933 0003639  42.7666 306.3573 15.27060892 18948
STARLINK-1093           
1 44970U 20001BJ  20127.83335648  .03411548  00000-0  10810+0 0  9994
2 44970  52.9967 162.3447 0002740  28.6177 291.7588 15.28149007 18933
STARLINK-1095           
1 44971U 20001BK  20127.91667824  .04111095  00000-0  12907+0 0  9992
2 44971  52.9959 161.9904 0003678 109.0516 344.3696 15.28355933 18954
STARLINK-1107           
1 44972U 20001BL  20127.91667824  .04126079  00000-0  12398+0 0  9995
2 44972  52.9980 162.0583 0002075 148.5657   8.9469 15.29774080 18958
STARLINK-1115           
1 44973U 20001BM  20127.83335648  .03497915  00000-0  11263+0 0  9992
2 44973  52.9963 162.4453 0001709 351.0087 283.0879 15.27504994 18933
STARLINK-1132           
1 45044U 20006A   20127.91667824  .00037347  00000-0  25698-2 0  9996
2 45044  52.9972 121.0012 0001401  68.1597 250.1318 15.05565443 15635
STARLINK-1120           
1 45045U 20006B   20127.83335648  .00016010  00000-0  11155-2 0  9991
2 45045  52.9980 141.3806 0000988  82.8985 141.3582 15.05579564 15356
STARLINK-1129           
1 45046U 20006C   20127.83335648  .00015865  00000-0  11060-2 0  9994
2 45046  52.9951 141.3919 0001275  82.0678  88.1299 15.05564472  1799
STARLINK-1131           
1 45047U 20006D   20127.83335648  .00015903  00000-0  11083-2 0  9993
2 45047  52.9981 141.3785 0000922 113.7727  92.4201 15.05575433 15356
STARLINK-1134           
1 45048U 20006E   20127.91667824  .00039160  00000-0  26940-2 0  9996
2 45048  52.9963 141.0064 0001266  99.7977 144.3256 15.05551130 15362
STARLINK-1135           
1 45049U 20006F   20127.83335648  .00016610  00000-0  11573-2 0  9995
2 45049  52.9958 141.3809 0001506  94.6458  39.5901 15.05552430  1790
STARLINK-1140           
1 45050U 20006G   20127.91667824  .00036049  00000-0  24815-2 0  9991
2 45050  52.9967 141.0089 0001237  90.9292  99.1781 15.05567640  1769
STARLINK-1141           
1 45051U 20006H   20127.91667824  .00036227  00000-0  24935-2 0  9993
2 45051  52.9971 141.0055 0000930  95.4247 112.6771 15.05568466  1764
STARLINK-1148           
1 45052U 20006J   20127.91667824  .00035915  00000-0  24725-2 0  9994
2 45052  52.9943 141.0139 0001294  95.8866  58.2558 15.05565226  1750
STARLINK-1155           
1 45053U 20006K   20127.91667824  .00045467  00000-0  31225-2 0  9991
2 45053  52.9982 141.0059 0000896  88.2440 317.9141 15.05545052  1765
STARLINK-1156           
1 45054U 20006L   20127.83335648  .00017354  00000-0  12076-2 0  9996
2 45054  52.9953 141.3818 0001089 118.7681 321.4553 15.05570360  1791
STARLINK-1157           
1 45055U 20006M   20127.91667824  .05764074  00000-0  15389+0 0  9990
2 45055  52.9931 139.3488 0000584 262.1098 352.7505 15.32808253 15382
STARLINK-1158           
1 45056U 20006N   20127.91667824  .00037199  00000-0  25596-2 0  9991
2 45056  52.9919 141.0301 0000867  82.3687  53.7898 15.05567534  1767
STARLINK-1159           
1 45057U 20006P   20127.83335648  .00019544  00000-0  13560-2 0  9991
2 45057  52.9969 141.3787 0001469  95.1594 255.0923 15.05601098  1795
STARLINK-1162           
1 45058U 20006Q   20127.83335648  .00018971  00000-0  13175-2 0  9997
2 45058  52.9970 141.3756 0001245  88.9991 297.3019 15.05584476  1804
STARLINK-1165           
1 45059U 20006R   20127.83335648  .00017209  00000-0  11979-2 0  9991
2 45059  52.9973 141.3745 0001289  85.5680 192.6825 15.05562653  1795
STARLINK-1166           
1 45060U 20006S   20127.91667824  .00045015  00000-0  30914-2 0  9992
2 45060  52.9982 141.0064 0001462  91.2410 296.9077 15.05550360 15363
STARLINK-1169           
1 45061U 20006T   20127.91667824  .00045090  00000-0  30944-2 0  9999
2 45061  52.9968 141.0021 0001235 105.4223 246.7141 15.05575933 15367
STARLINK-1171           
1 45062U 20006U   20127.91667824  .00045397  00000-0  31173-2 0  9995
2 45062  52.9970 141.0076 0001217  93.2283 330.9539 15.05551128  1767
STARLINK-1178           
1 45063U 20006V   20127.91667824  .00045640  00000-0  31326-2 0  9997
2 45063  52.9988 141.0012 0001087  97.1053 237.0410 15.05564483 15364
STARLINK-1133           
1 45064U 20006W   20127.83335648  .00041211  00000-0  28323-2 0  9998
2 45064  52.9986 121.3710 0001187  75.7456 258.6729 15.05564115 15633
STARLINK-1139           
1 45065U 20006X   20127.91667824  .00037294  00000-0  25652-2 0  9990
2 45065  52.9981 120.9950 0001636  76.5872 331.6910 15.05580441  1763
STARLINK-1145           
1 45066U 20006Y   20127.83335648  .00037382  00000-0  25725-2 0  9997
2 45066  52.9975 121.3830 0001480  65.2707  17.1354 15.05561481 15630
STARLINK-1150           
1 45067U 20006Z   20127.91667824  .00097819  00000-0  66404-2 0  9991
2 45067  53.0141 120.9167 0001432  70.7061  31.4655 15.05578873 15644
STARLINK-1161           
1 45068U 20006AA  20127.91667824  .00035941  00000-0  24738-2 0  9994
2 45068  52.9908 121.0335 0001722  74.5148  81.6997 15.05572299  1752
STARLINK-1163           
1 45069U 20006AB  20127.91667824  .00032149  00000-0  22157-2 0  9995
2 45069  52.9976 121.0027 0001414  62.1283 148.1990 15.05577982  1764
STARLINK-1164           
1 45070U 20006AC  20127.83335648  .00034110  00000-0  23512-2 0  9990
2 45070  52.9978 121.3789 0001442  68.9797  85.4629 15.05543501 15634
STARLINK-1167           
1 45071U 20006AD  20127.91667824  .00035369  00000-0  24359-2 0  9991
2 45071  52.9983 121.0033 0001567  70.1973 212.0859 15.05557817 15648
STARLINK-1168           
1 45072U 20006AE  20127.83335648  .00033748  00000-0  23250-2 0  9997
2 45072  52.9973 121.3770 0001665  67.0273 105.3372 15.05568162  1796
STARLINK-1170           
1 45073U 20006AF  20127.83335648  .00039630  00000-0  27268-2 0  9997
2 45073  52.9959 121.3815 0001564  75.3901 313.0529 15.05538757 15625
STARLINK-1172           
1 45074U 20006AG  20127.91667824  .00030872  00000-0  21297-2 0  9996
2 45074  52.9950 121.0187 0001368  70.5271 121.7310 15.05562529  1761
STARLINK-1174           
1 45075U 20006AH  20127.83335648  .00041056  00000-0  28232-2 0  9996
2 45075  52.9979 121.3688 0001282  76.4048 222.0678 15.05545269 15639
STARLINK-1180           
1 45076U 20006AJ  20127.83335648  .00038215  00000-0  26294-2 0  9996
2 45076  52.9996 121.3675 0001427  72.0588 190.4146 15.05556421  1799
STARLINK-1182           
1 45077U 20006AK  20127.91667824  .00033373  00000-0  22987-2 0  9995
2 45077  52.9964 121.0043 0001691  70.2725 158.0842 15.05580940  1759
STARLINK-1177           
1 45078U 20006AL  20127.91667824  .00036518  00000-0  25130-2 0  9993
2 45078  52.9987 121.0008 0001707  65.8247 234.4356 15.05572493  1767
STARLINK-1149           
1 45079U 20006AM  20127.91667824  .00041754  00000-0  28677-2 0  9991
2 45079  52.9657 121.1750 0001429  78.6118 293.6586 15.05581980 15282
STARLINK-1153           
1 45080U 20006AN  20127.91667824  .00039589  00000-0  27226-2 0  9995
2 45080  52.9978 120.9939 0001645  69.8121 266.4479 15.05558140  1761
STARLINK-1151           
1 45081U 20006AP  20127.83335648  .00044785  00000-0  30758-2 0  9991
2 45081  52.9987 121.3550 0001460  89.0030 263.4423 15.05550503  1798
STARLINK-1160           
1 45082U 20006AQ  20127.91667824  .00091816  00000-0  62392-2 0  9991
2 45082  52.9838 121.0653 0001411  71.7641  66.4187 15.05579437 15641
STARLINK-1190           
1 45083U 20006AR  20127.83335648  .00015661  00000-0  10918-2 0  9990
2 45083  52.9974 141.3807 0001003 100.6577  87.5656 15.05574857 15349
STARLINK-1173           
1 45084U 20006AS  20127.91667824  .00030199  00000-0  33435-3 0  9997
2 45084  52.9956 109.0216 0001941  42.7129 146.1432 15.62757001 15920
STARLINK-1179           
1 45085U 20006AT  20127.91667824  .00035968  00000-0  39698-3 0  9994
2 45085  52.9946 108.2539 0002294  20.0754 180.6774 15.62746526 15825
STARLINK-1181           
1 45086U 20006AU  20127.83335648  .00050716  00000-0  55653-3 0  9999
2 45086  52.9956 110.9710 0001899  36.4130  14.6282 15.62738771  1814
STARLINK-1185           
1 45087U 20006AV  20127.91667824  .00032958  00000-0  36415-3 0  9996
2 45087  52.9950 110.5727 0001860  37.0292 117.9689 15.62763464 15895
STARLINK-1183           
1 45088U 20006AW  20127.91667824  .00039573  00000-0  43600-3 0  9991
2 45088  52.9953 110.5595 0001860  37.6743 124.0573 15.62746347  1784
STARLINK-1136           
1 45089U 20006AX  20127.91667824  .00031196  00000-0  34537-3 0  9994
2 45089  52.9955 109.0250 0002024  14.0662 173.1180 15.62740312 15465
STARLINK-1176           
1 45090U 20006AY  20127.83335648  .00049601  00000-0  54421-3 0  9997
2 45090  52.9969 108.6664 0002168  30.4740  59.5723 15.62752212 15466
STARLINK-1127           
1 45091U 20006AZ  20127.91667824  .00034000  00000-0  37590-3 0  9996
2 45091  52.9952 110.6007 0002162  31.7510 109.6675 15.62731011  1783
STARLINK-1137           
1 45092U 20006BA  20127.83335648  .00050406  00000-0  55354-3 0  9990
2 45092  52.9948 111.0004 0001967  29.9493   5.7965 15.62722420  1818
STARLINK-1142           
1 45093U 20006BB  20127.66667824 -.00026747  00000-0 -28657-3 0  9995
2 45093  52.9952 111.8228 0006734  41.5204 134.2449 15.62773576  1786
STARLINK-1146           
1 45094U 20006BC  20127.83335648  .00050138  00000-0  55033-3 0  9998
2 45094  52.9951 110.9939 0001990  14.0330  26.8093 15.62737081  1815
STARLINK-1147           
1 45095U 20006BD  20127.83335648  .00049667  00000-0  54558-3 0  9995
2 45095  52.9950 110.9889 0001893  45.1048 357.4595 15.62721535  1819
STARLINK-1152           
1 45096U 20006BE  20127.91667824  .00033561  00000-0  37100-3 0  9999
2 45096  52.9954 110.5905 0001908  34.6384 113.5555 15.62741207 15799
STARLINK-1175           
1 45097U 20006BF  20127.65742016  .00030777  00000-0  10931-3 0  9997
2 45097  52.9988 108.4435 0001217  71.3156 288.8000 15.88723851 15906
STARLINK-1184           
1 45098U 20006BG  20127.83335648  .00050156  00000-0  55028-3 0  9996
2 45098  52.9948 111.0094 0002212  19.9334  10.7773 15.62748118 13986
STARLINK-1186           
1 45099U 20006BH  20127.91667824  .00033832  00000-0  37340-3 0  9999
2 45099  52.9946 110.5725 0006634  46.2739 110.3720 15.62757143 15792
STARLINK-1193           
1 45100U 20006BJ  20127.91667824  .00032209  00000-0  35589-3 0  9992
2 45100  52.9955 110.6110 0008454  53.0722  84.9250 15.62738042  1778
STARLINK-1194           
1 45101U 20006BK  20127.91667824  .00063184  00000-0  69041-3 0  9999
2 45101  52.9950 110.6102 0001926  32.8629 103.4330 15.62755616 15792
STARLINK-1195           
1 45102U 20006BL  20127.91667824  .00031101  00000-0  34355-3 0  9994
2 45102  52.9952 110.5912 0009094  61.4373  85.0549 15.62757043 15794
STARLINK-1196           
1 45103U 20006BM  20127.91667824  .00042288  00000-0  46549-3 0  9991
2 45103  52.9967 110.5708 0001678  40.1417 118.2171 15.62739579  1785
STARLINK-1138           
1 45178U 20012A   20127.91667824  .00004065  00000-0  29801-3 0  9993
2 45178  53.0003 261.0104 0001408  87.5654 359.7665 15.05576853 12740
STARLINK-1143           
1 45179U 20012B   20127.91667824  .00002259  00000-0  17416-3 0  9996
2 45179  52.9917 261.0562 0001416  83.3420 345.9726 15.05581638 12747
STARLINK-1192           
1 45180U 20012C   20127.83335648  .00039365  00000-0  27069-2 0  9997
2 45180  53.0019 261.3797 0001114 104.0587 287.3825 15.05565480 12732
STARLINK-1200           
1 45181U 20012D   20127.91667824  .00001004  00000-0  87976-4 0  9995
2 45181  53.0025 261.0051 0001239  86.9452  54.3243 15.05614265  1760
STARLINK-1201           
1 45182U 20012E   20127.83335648  .01537666  00000-0  48677-1 0  9994
2 45182  53.0052 242.2121 0002639 152.8916 359.5486 15.29296796 13003
STARLINK-1202           
1 45183U 20012F   20127.91667824 -.00004257  00000-0 -27310-3 0  9997
2 45183  53.0018 261.0032 0001165  91.8792 229.4290 15.05588559  1755
STARLINK-1205           
1 45184U 20012G   20127.83335648  .04226567  00000-0  16480+0 0  9999
2 45184  53.0004 241.7685 0003651  61.7097 337.5674 15.20917274 12987
STARLINK-1216           
1 45185U 20012H   20127.83335648  .00041459  00000-0  28505-2 0  9995
2 45185  53.0030 261.3754 0001291  82.6569 182.8590 15.05546051  1795
STARLINK-1224           
1 45186U 20012J   20127.83335648  .00040794  00000-0  28034-2 0  9994
2 45186  53.0037 261.3798 0001238  92.9218  82.5026 15.05572134  1798
STARLINK-1225           
1 45187U 20012K   20127.83335648  .00039914  00000-0  27444-2 0  9991
2 45187  53.0012 261.3801 0001185 116.0724  41.3592 15.05561816 12493
STARLINK-1228           
1 45188U 20012L   20127.91667824 -.00029342  00000-0 -31547-3 0  9991
2 45188  52.9997 232.7978 0001369  60.6262 234.9087 15.62776269  1777
STARLINK-1230           
1 45189U 20012M   20127.83335648  .00039135  00000-0  26921-2 0  9997
2 45189  53.0033 261.3801 0001232  78.7338  60.7074 15.05554422  1792
STARLINK-1234           
1 45190U 20012N   20127.83335648  .00006594  00000-0  77776-4 0  9998
2 45190  53.0026 234.6453 0001619  54.0936 153.6068 15.62759314  1810
STARLINK-1236           
1 45191U 20012P   20127.83335648  .00037971  00000-0  26127-2 0  9994
2 45191  53.0009 261.3803 0001339  98.9115   4.5538 15.05558544 12731
STARLINK-1237           
1 45192U 20012Q   20127.83335648  .00041451  00000-0  28473-2 0  9999
2 45192  53.0040 261.3769 0001243 103.5195 143.9148 15.05581234  1794
STARLINK-1239           
1 45193U 20012R   20127.91667824 -.00002288  00000-0 -13784-3 0  9990
2 45193  53.0026 260.9970 0001367  88.2785 305.0176 15.05596362  1766
STARLINK-1240           
1 45194U 20012S   20127.83335648  .00041120  00000-0  28257-2 0  9994
2 45194  53.0040 261.3745 0001212  78.5862 204.7993 15.05569793  1798
STARLINK-1241           
1 45195U 20012T   20127.83335648  .00040129  00000-0  27582-2 0  9993
2 45195  53.0050 261.3600 0001453  80.7233 238.7565 15.05572448  1797
STARLINK-1244           
1 45196U 20012U   20127.75001157  .00025159  00000-0  17395-2 0  9997
2 45196  53.0013 261.7600 0001496  94.6792 186.7810 15.05585381 12474
STARLINK-1269           
1 45197U 20012V   20127.83335648  .00038585  00000-0  26534-2 0  9994
2 45197  53.0002 261.3783 0001109  87.6967 339.7633 15.05572922  1791
STARLINK-1154           
1 45198U 20012W   20127.83335648  .04770589  00000-0  19591+0 0  9998
2 45198  53.0024 241.7599 0003783  11.0308 304.4182 15.19311758 12729
STARLINK-1197           
1 45199U 20012X   20127.91667824  .03975250  00000-0  16461+0 0  9996
2 45199  53.0015 241.3726 0004028  54.9312 342.2599 15.19112947 12734
STARLINK-1198           
1 45200U 20012Y   20127.83335648  .04295409  00000-0  17986+0 0  9991
2 45200  53.0009 241.7539 0003412 355.0864 291.5928 15.19087554 12725
STARLINK-1199           
1 45201U 20012Z   20127.91667824  .04491423  00000-0  18856+0 0  9996
2 45201  53.0014 241.3711 0004121  37.4235 329.3892 15.18810955 12730
STARLINK-1203           
1 45202U 20012AA  20127.83335648  .00040763  00000-0  30553-2 0  9998
2 45202  53.0020 260.6892 0001339  93.3015 117.9732 15.02309253 12479
STARLINK-1204           
1 45203U 20012AB  20127.83335648  .01522874  00000-0  66095-1 0  9997
2 45203  53.0027 241.7987 0001947 176.4400   7.0028 15.18663670 12692
STARLINK-1206           
1 45204U 20012AC  20127.91667824  .00999091  00000-0  40946-1 0  9996
2 45204  52.9984 241.3448 0002462 158.9375   6.1733 15.20952742 12732
STARLINK-1208           
1 45205U 20012AD  20127.75001157  .03601373  00000-0  14744+0 0  9991
2 45205  53.0017 242.1530 0001998 320.6254 287.0966 15.19920156 12729
STARLINK-1209           
1 45206U 20012AE  20127.83335648  .00004060  00000-0  50137-4 0  9994
2 45206  53.0009 233.9133 0001259  55.2242 151.2316 15.62762108  1814
STARLINK-1210           
1 45207U 20012AF  20127.83335648  .03547168  00000-0  14942+0 0  9998
2 45207  53.0027 241.7410 0002137 325.1503 291.2160 15.18991189 12712
STARLINK-1211           
1 45208U 20012AG  20127.83335648  .02617068  00000-0  11033+0 0  9993
2 45208  53.0027 241.7368 0001305 270.7028 316.5882 15.18873479 12711
STARLINK-1218           
1 45209U 20012AH  20127.83335648  .04121162  00000-0  16447+0 0  9995
2 45209  52.9991 241.7971 0003684  63.1920 337.8097 15.20230450 12721
STARLINK-1219           
1 45210U 20012AJ  20127.91667824  .04685184  00000-0  19734+0 0  9991
2 45210  53.0010 241.3551 0004143  23.6722 314.1158 15.18510558 12733
STARLINK-1231           
1 45212U 20012AL  20127.91667824  .01873649  00000-0  77535-1 0  9990
2 45212  52.9996 241.4007 0003114 107.2222   1.6861 15.20171057 12744
STARLINK-1232           
1 45213U 20012AM  20127.91667824  .02492004  00000-0  10257+0 0  9990
2 45213  52.9998 241.3959 0003181  93.1370   1.4682 15.19910726 12733
STARLINK-1233           
1 45214U 20012AN  20127.91667824  .04491016  00000-0  19566+0 0  9997
2 45214  53.0017 241.3923 0003649   6.2098 301.7756 15.17511342 12737
STARLINK-1245           
1 45215U 20012AP  20127.83335648  .02289098  00000-0  98225-1 0  9999
2 45215  53.0031 241.7341 0001118 233.1162 339.5582 15.18771606 12710
STARLINK-1254           
1 45216U 20012AQ  20127.83335648  .04489965  00000-0  18198+0 0  9996
2 45216  52.9993 241.7905 0003779  55.9318 330.8563 15.20035313 12725
STARLINK-1271           
1 45217U 20012AR  20127.83335648  .04857406  00000-0  19825+0 0  9994
2 45217  53.0019 241.7579 0003817  20.3809 309.5606 15.19443594 12721
STARLINK-1105           
1 45218U 20012AS  20127.83335648  .00018580  00000-0  20807-3 0  9999
2 45218  53.0024 238.3574 0008428  54.2999 144.3630 15.62747534 12769
STARLINK-1187           
1 45219U 20012AT  20127.83335648  .00011125  00000-0  12695-3 0  9994
2 45219  53.0028 236.9576 0009394  14.1214 145.7748 15.62764114 12788
STARLINK-1188           
1 45220U 20012AU  20127.91667824 -.00027339  00000-0 -29341-3 0  9991
2 45220  53.0022 238.0229 0001740  46.8807 225.2365 15.62778999  1771
STARLINK-1189           
1 45221U 20012AV  20127.83335648  .00016169  00000-0  18217-3 0  9996
2 45221  53.0022 238.4244 0001793  42.6633 123.8616 15.62737299  1817
STARLINK-1191           
1 45222U 20012AW  20127.83335648  .00015652  00000-0  17634-3 0  9995
2 45222  53.0010 238.4477 0007318  48.0766 105.9021 15.62747131 12762
STARLINK-1212           
1 45223U 20012AX  20127.83335648  .00018528  00000-0  20754-3 0  9998
2 45223  53.0021 238.3572 0005532  50.0441 150.3831 15.62764468 12764
STARLINK-1214           
1 45224U 20012AY  20127.83335648  .00014516  00000-0  16392-3 0  9995
2 45224  53.0017 238.4681 0007470  51.6435  92.1547 15.62757954 12786
STARLINK-1215           
1 45225U 20012AZ  20127.91667824 -.00027167  00000-0 -29147-3 0  9999
2 45225  53.0022 237.9780 0001925  49.1158 246.7301 15.62782533 12775
STARLINK-1217           
1 45226U 20012BA  20127.83335648  .00017475  00000-0  19636-3 0  9998
2 45226  53.0023 238.3953 0002541  29.4774 150.5611 15.62740344  1817
STARLINK-1221           
1 45227U 20012BB  20127.91667824 -.00023301  00000-0 -24891-3 0  9998
2 45227  53.0020 238.0499 0006741  19.7615 239.8714 15.62760377 12757
STARLINK-1222           
1 45228U 20012BC  20127.91667824 -.00028373  00000-0 -30441-3 0  9991
2 45228  53.0015 238.0553 0006555  41.3406 214.8666 15.62775402 12782
STARLINK-1226           
1 45229U 20012BD  20127.91667824 -.00028962  00000-0 -31115-3 0  9995
2 45229  53.0022 237.9713 0003485  32.3830 266.8487 15.62777872 12788
STARLINK-1227           
1 45230U 20012BE  20127.91667824 -.00026203  00000-0 -28031-3 0  9996
2 45230  53.0022 237.9620 0008486  58.1760 244.4503 15.62779397  1773
STARLINK-1229           
1 45231U 20012BF  20127.91667824 -.00026940  00000-0 -28897-3 0  9995
2 45231  53.0025 237.9977 0001740  25.8223 259.8685 15.62784804  1773
STARLINK-1235           
1 45232U 20012BG  20127.91667824 -.00023711  00000-0 -25328-3 0  9995
2 45232  53.0010 235.0628 0007744  24.0820 247.2879 15.62762050  1779
STARLINK-1238           
1 45233U 20012BH  20127.91667824  .03784462  00000-0  16336+0 0  9999
2 45233  52.9997 241.4660 0002478 336.2468 290.0844 15.17868445 12735
STARLINK-1243           
1 45234U 20012BJ  20127.83335648  .00038278  00000-0  26333-2 0  9992
2 45234  53.0030 261.3796 0001133  96.7136  24.7129 15.05562168  1796
STARLINK-1246           
1 45235U 20012BK  20127.83335648  .00041769  00000-0  28691-2 0  9991
2 45235  53.0034 261.3780 0001264  77.2911 116.2314 15.05577993  1799
STARLINK-1247           
1 45236U 20012BL  20127.83335648  .00018138  00000-0  20341-3 0  9991
2 45236  53.0025 238.3663 0001774  38.9654 156.3705 15.62761087 12768
STARLINK-1270           
1 45237U 20012BM  20127.91667824 -.00026989  00000-0 -28976-3 0  9992
2 45237  53.0014 238.0034 0001547  30.3466 251.9585 15.62762886  1776
STARLINK-1279           
1 45360U 20019A   20127.83335648 -.00027148  00000-0 -29144-3 0  9999
2 45360  52.9996  11.4131 0001605  59.5073 154.7579 15.62768584  1812
STARLINK-1301           
1 45361U 20019B   20127.83335648 -.00026493  00000-0 -28409-3 0  9995
2 45361  52.9989  11.4383 0001285  46.4880 152.4919 15.62783101  1814
STARLINK-1306           
1 45362U 20019C   20127.91667824 -.00028038  00000-0 -19963-2 0  9990
2 45362  52.9980  19.7432 0001255  60.9823 304.4239 15.03990971  8313
STARLINK-1311           
1 45363U 20019D   20127.67961705  .00046298  00000-0  41978-3 0  9997
2 45363  52.9998  13.0735 0002330 219.5626 140.5219 15.67582389  8377
STARLINK-1313           
1 45364U 20019E   20127.91667824 -.00002728  00000-0 -23949-4 0  9991
2 45364  52.9992  10.9909 0001593  60.2453 266.4418 15.62769770  1772
STARLINK-1317           
1 45365U 20019F   20127.91667824 -.00021034  00000-0 -22408-3 0  9991
2 45365  52.9991  10.9987 0001293  52.5664 272.4094 15.62797045  8414
STARLINK-1262           
1 45366U 20019G   20127.83335648 -.00037469  00000-0 -25653-2 0  9992
2 45366  53.0000  21.3807 0002008  85.2550 275.4724 15.05588757  8280
STARLINK-1273           
1 45367U 20019H   20127.91667824 -.00028483  00000-0 -19420-2 0  9997
2 45367  53.0005  21.0073 0002030  78.5618 265.9658 15.05607051  1757
STARLINK-1276           
1 45368U 20019J   20127.83335648 -.00031804  00000-0 -21714-2 0  9995
2 45368  52.9988  21.3722 0001439  88.6527 308.0499 15.05613425  1791
STARLINK-1277           
1 45369U 20019K   20127.75001157 -.00003856  00000-0 -24551-3 0  9991
2 45369  52.9984  21.7465 0001555  87.8444 234.7587 15.05598722  8268
STARLINK-1281           
1 45370U 20019L   20127.83335648 -.00033806  00000-0 -23106-2 0  9999
2 45370  52.9902  21.4346 0001775  82.4646  26.1482 15.05602630  1796
STARLINK-1287           
1 45371U 20019M   20127.83335648 -.00027329  00000-0 -18616-2 0  9993
2 45371  53.0005  21.3811 0001507  67.9673 238.5956 15.05621317  1798
STARLINK-1288           
1 45372U 20019N   20127.91667824 -.00023845  00000-0 -16226-2 0  9991
2 45372  52.9994  21.0079 0001871  75.8012 250.7111 15.05584661  8286
STARLINK-1295           
1 45373U 20019P   20127.91667824 -.00030843  00000-0 -21055-2 0  9994
2 45373  52.9993  21.0072 0001892  68.9394 347.6048 15.05602966  1768
STARLINK-1300           
1 45374U 20019Q   20127.91667824 -.00013509  00000-0 -90946-3 0  9991
2 45374  53.0006  21.0077 0001537  66.9200   7.5662 15.05590373  1763
STARLINK-1302           
1 45375U 20019R   20127.83335648 -.00026545  00000-0 -18090-2 0  9992
2 45375  52.9984  21.3816 0001724  76.1375 194.5652 15.05588555  8273
STARLINK-1304           
1 45376U 20019S   20127.83335648 -.00030033  00000-0 -20488-2 0  9994
2 45376  53.0000  21.3810 0001972  78.8372 101.8411 15.05614774  1797
STARLINK-1305           
1 45377U 20019T   20127.83335648 -.00030657  00000-0 -20925-2 0  9993
2 45377  52.9994  21.3811 0001431  69.8908 308.7497 15.05606431  1809
STARLINK-1310           
1 45378U 20019U   20127.83335648 -.00033434  00000-0 -22839-2 0  9996
2 45378  52.9988  21.3674 0001410  87.8291   2.8370 15.05618724  1790
STARLINK-1319           
1 45379U 20019V   20127.83335648 -.00033305  00000-0 -22755-2 0  9991
2 45379  52.9984  21.3724 0001676  91.3158 341.3132 15.05609619  1799
STARLINK-1207           
1 45380U 20019W   20127.91667824 -.00016931  00000-0 -17935-3 0  9997
2 45380  52.9977  12.4046 0001364  64.5364 294.3657 15.62766672  1779
STARLINK-1258           
1 45381U 20019X   20127.66667824  .00027119  00000-0  30092-3 0  9997
2 45381  52.9979  13.6367 0001277  68.0737 313.3699 15.62760389  1796
STARLINK-1264           
1 45382U 20019Y   20127.91667824 -.00024378  00000-0 -26093-3 0  9998
2 45382  52.9977  12.3818 0001190  64.9073 304.1783 15.62778007  1781
STARLINK-1266           
1 45383U 20019Z   20127.91667824 -.00016669  00000-0 -17656-3 0  9998
2 45383  52.9977  12.4022 0001391  57.9143 297.6179 15.62754462  1776
STARLINK-1267           
1 45384U 20019AA  20127.91667824 -.00017124  00000-0 -18163-3 0  9990
2 45384  52.9977  12.3898 0001366  65.5290 300.1622 15.62743266  1781
STARLINK-1268           
1 45385U 20019AB  20127.66922266  .00004111  00000-0  50540-4 0  9993
2 45385  53.0007  13.7037 0001918  67.7337 292.3879 15.62846832  8367
STARLINK-1272           
1 45386U 20019AC  20127.91667824 -.00017807  00000-0 -18886-3 0  9992
2 45386  52.9979  12.3988 0001557  59.2156 303.0775 15.62778416  1784
STARLINK-1274           
1 45387U 20019AD  20127.91667824  .00104682  00000-0  11349-2 0  9995
2 45387  52.9971  12.4242 0001442  50.3570 291.5875 15.62740931  8382
STARLINK-1280           
1 45388U 20019AE  20127.83335648  .04528892  00000-0  27366+0 0  9993
2 45388  53.0039  18.6724 0001818 191.7019 346.7439 15.05576290  8312
STARLINK-1283           
1 45389U 20019AF  20127.83335648 -.00013833  00000-0 -14545-3 0  9995
2 45389  52.9985   8.3889 0001316  70.5215 148.8568 15.62759693  1819
STARLINK-1284           
1 45390U 20019AG  20127.91667824  .00013200  00000-0  14971-3 0  9999
2 45390  52.9974  12.4100 0001502  59.5365 292.5834 15.62760216  1772
STARLINK-1289           
1 45391U 20019AH  20127.83335648 -.00028585  00000-0 -30724-3 0  9995
2 45391  52.9977  12.8403 0001483  65.8118 163.6947 15.62767764  1813
STARLINK-1290           
1 45392U 20019AJ  20127.91667824 -.00014669  00000-0 -15465-3 0  9992
2 45392  52.9974  12.4841 0001486  50.6966 267.5548 15.62751920  1772
STARLINK-1291           
1 45393U 20019AK  20127.91667824  .00028158  00000-0  31213-3 0  9998
2 45393  52.9976  12.3745 0007964 358.9959  13.4795 15.62733494  1789
STARLINK-1292           
1 45394U 20019AL  20127.91667824 -.00018892  00000-0 -20090-3 0  9996
2 45394  52.9974  12.4344 0001346  59.7652 285.5696 15.62759970  1776
STARLINK-1297           
1 45395U 20019AM  20127.91667824 -.00014655  00000-0 -15468-3 0  9993
2 45395  52.9993  12.4956 0001616  57.2904 257.5409 15.62721056  8154
STARLINK-1303           
1 45396U 20019AN  20127.83335648 -.00028457  00000-0 -30585-3 0  9993
2 45396  52.9975  12.8562 0001529  59.9313 166.1741 15.62766840  1818
STARLINK-1307           
1 45397U 20019AP  20127.91667824 -.00022982  00000-0 -24577-3 0  9998
2 45397  52.9990  12.4699 0001164  57.1761 264.4658 15.62761736  8225
STARLINK-1312           
1 45398U 20019AQ  20127.83335648 -.00026766  00000-0 -28698-3 0  9998
2 45398  53.0000  12.8491 0001435  62.7496 160.0046 15.62792858  8144
STARLINK-1255           
1 45399U 20019AR  20127.91667824 -.00020535  00000-0 -21924-3 0  9995
2 45399  52.9969  12.5425 0001541  65.4675 244.3006 15.62722420  8205
STARLINK-1213           
1 45400U 20019AS  20127.83335648 -.00030933  00000-0 -33309-3 0  9998
2 45400  52.9978  12.7890 0001283  67.8750 187.0519 15.62765899  8129
STARLINK-1256           
1 45401U 20019AT  20127.91667824 -.00012875  00000-0 -13457-3 0  9999
2 45401  52.9974  12.3884 0001396  65.2755 302.0923 15.62830305  8210
STARLINK-1257           
1 45402U 20019AU  20127.83335648 -.00030988  00000-0 -33354-3 0  9990
2 45402  52.9976  12.7779 0001469  54.9308 206.7716 15.62777127  1811
STARLINK-1259           
1 45403U 20019AV  20127.91667824 -.00017015  00000-0 -18021-3 0  9994
2 45403  52.9974  12.3961 0001468  62.0127 295.1916 15.62773992  1772
STARLINK-1260           
1 45404U 20019AW  20127.83335648 -.00029174  00000-0 -31347-3 0  9997
2 45404  52.9983  12.8367 0001426  64.1988 170.4288 15.62787863  1814
STARLINK-1263           
1 45405U 20019AX  20127.83335648 -.00030465  00000-0 -32786-3 0  9991
2 45405  52.9978  12.7961 0001357  70.0841 181.4601 15.62772148  1816
STARLINK-1265           
1 45406U 20019AY  20127.91667824 -.00025127  00000-0 -26922-3 0  9999
2 45406  52.9974  12.4260 0001429  64.8669 285.5691 15.62771269  1774
STARLINK-1275           
1 45407U 20019AZ  20127.91667824 -.00016246  00000-0 -17207-3 0  9998
2 45407  52.9972  12.4444 0001512  59.0816 277.7860 15.62731971  8112
STARLINK-1278           
1 45408U 20019BA  20127.83335648  .04640391  00000-0  27905+0 0  9994
2 45408  53.0035  18.6478 0001797 198.9373 345.9209 15.05638557  8035
STARLINK-1282           
1 45409U 20019BB  20127.66667824  .00027110  00000-0  30095-3 0  9992
2 45409  53.0001  13.6706 0001197  76.5332 286.2744 15.62749805  1797
STARLINK-1285           
1 45410U 20019BC  20127.91667824 -.00039458  00000-0 -42661-3 0  9994
2 45410  52.9980  12.4060 0001563  65.7148 288.0990 15.62785753  1778
STARLINK-1293           
1 45411U 20019BD  20127.91667824 -.00015198  00000-0 -16039-3 0  9990
2 45411  52.9994  12.4966 0001506  58.8504 257.6612 15.62761944  1774
STARLINK-1296           
1 45412U 20019BE  20127.91667824 -.00016152  00000-0 -17110-3 0  9993
2 45412  52.9976  12.4211 0001455  65.3652 281.6822 15.62723639  8112
STARLINK-1298           
1 45413U 20019BF  20127.91667824 -.00014685  00000-0 -15501-3 0  9995
2 45413  52.9971  12.4801 0001520  60.9327 258.9849 15.62721958  8204
STARLINK-1309           
1 45414U 20019BG  20127.91667824 -.00015958  00000-0 -16892-3 0  9994
2 45414  52.9990  12.4476 0001422  61.2056 272.2721 15.62731614  8138
STARLINK-1316           
1 45415U 20019BH  20127.91667824 -.00023207  00000-0 -24801-3 0  9990
2 45415  52.9975  12.3775 0001339  67.9972 306.1845 15.62785614  1787
STARLINK-1318           
1 45416U 20019BJ  20127.91667824 -.00016444  00000-0 -17423-3 0  9998
2 45416  52.9979  12.4409 0001457  51.4145 288.8443 15.62734152  1778
STARLINK-1286           
1 45417U 20019BK  20127.91667824 -.00030180  00000-0 -21515-2 0  9998
2 45417  52.9980  20.1215 0001285  60.9562 334.4489 15.03981800  1765
STARLINK-1299           
1 45418U 20019BL  20127.91667824  .01445922  00000-0  86730-1 0  9991
2 45418  52.9999  18.0370 0003670  57.8182 329.7456 15.07201210  8073
STARLINK-1308           
1 45419U 20019BM  20127.92565745  .00015876  00000-0  11389-2 0  9991
2 45419  53.0072  20.7200 0002888 159.1111 200.9995 15.04490752  8030
STARLINK-1329           
1 45531U 20025A   20127.83335648  .04530829  00000-0  39944-1 0  9990
2 45531  53.0049 330.2407 0003571  21.3463 306.9526 15.64319588  2918
STARLINK-1338           
1 45532U 20025B   20127.91667824  .02059086  00000-0  18754-1 0  9999
2 45532  53.0072 329.8310 0003055 102.9884 329.8386 15.64503964  1787
STARLINK-1339           
1 45533U 20025C   20127.83335648  .04696754  00000-0  41500-1 0  9993
2 45533  53.0046 330.2606 0003635  12.4658 304.9720 15.64119802  2917
STARLINK-1341           
1 45534U 20025D   20127.83335648  .04704285  00000-0  41519-1 0  9993
2 45534  53.0057 330.2589 0003652  14.0986 305.8207 15.64142761  2911
STARLINK-1350           
1 45535U 20025E   20127.91667824  .02096269  00000-0  19196-1 0  9997
2 45535  53.0067 329.8525 0003127  86.9612 334.9397 15.64314239  1786
STARLINK-1352           
1 45536U 20025F   20127.91667824  .02362186  00000-0  21380-1 0  9990
2 45536  53.0067 329.8559 0003159  92.0630 328.6819 15.64236603  1784
STARLINK-1353           
1 45537U 20025G   20127.83335648  .04811127  00000-0  42384-1 0  9991
2 45537  53.0049 330.2609 0003514  10.9846 303.9235 15.64097232  2928
STARLINK-1362           
1 45538U 20025H   20127.83335648  .04579104  00000-0  40326-1 0  9992
2 45538  53.0061 330.2418 0003444  21.0519 305.9825 15.64305058  2928
STARLINK-1367           
1 45539U 20025J   20127.83335648  .07120739  00000-0  42810-1 0  9992
2 45539  53.0051 329.5644 0008287  86.0728 214.3762 15.72564345  2921
STARLINK-1369           
1 45540U 20025K   20127.91667824  .02069155  00000-0  18986-1 0  9993
2 45540  53.0073 329.8564 0003133  90.5185 328.8750 15.64301156  1784
STARLINK-1369           
1 45541U 20025L   20127.91667824  .02376489  00000-0  21476-1 0  9993
2 45541  53.0067 329.8585 0003202  90.0937 328.0561 15.64256361  1787
STARLINK-1371           
1 45542U 20025M   20127.91667824  .02045933  00000-0  18666-1 0  9998
2 45542  53.0080 329.8374 0003258 101.7883 328.6103 15.64479834  2938
STARLINK-1372           
1 45543U 20025N   20127.91667824  .02484133  00000-0  22459-1 0  9993
2 45543  53.0068 329.8653 0003131  90.4487 326.7954 15.64092547  1786
STARLINK-1373           
1 45544U 20025P   20127.83335648  .05626797  00000-0  49411-1 0  9995
2 45544  53.0054 330.2418 0003707  16.4121 309.3521 15.64204832  2914
STARLINK-1374           
1 45545U 20025Q   20127.83335648  .04688323  00000-0  41438-1 0  9999
2 45545  53.0057 330.2607 0003604  13.8568 304.8597 15.64119180  2925
STARLINK-1375           
1 45546U 20025R   20127.75001157  .04182836  00000-0  36302-1 0  9998
2 45546  53.0055 330.6714 0002053 280.5501 283.3600 15.64375367  2910
STARLINK-1377           
1 45547U 20025S   20127.66667824  .02710044  00000-0  24090-1 0  9995
2 45547  53.0066 331.0797 0002544 112.9953 343.6840 15.64775682  2902
STARLINK-1378           
1 45548U 20025T   20127.91667824  .02335083  00000-0  21273-1 0  9990
2 45548  53.0067 329.8662 0003261  88.9713 327.0354 15.64108693  2945
STARLINK-1379           
1 45549U 20025U   20127.83335648  .04814865  00000-0  42609-1 0  9996
2 45549  53.0051 330.2798 0003567   5.0514 300.0492 15.63978522  2920
STARLINK-1390           
1 45550U 20025V   20127.83335648  .05668244  00000-0  49729-1 0  9997
2 45550  53.0056 330.2432 0003841  15.9125 308.6017 15.64199035  2916
STARLINK-1294           
1 45551U 20025W   20127.91667824  .03251383  00000-0  21228-1 0  9995
2 45551  53.0073 329.1826 0003105 110.7632 285.1732 15.71773621  1784
STARLINK-1322           
1 45552U 20025X   20127.75001157  .04622302  00000-0  29689-1 0  9992
2 45552  53.0051 330.0096 0003078 203.0982 330.8306 15.72068548  2911
STARLINK-1323           
1 45553U 20025Y   20127.91667824  .03149756  00000-0  20759-1 0  9995
2 45553  53.0074 329.1922 0002998 103.4536 286.9368 15.71658594  1780
STARLINK-1325           
1 45554U 20025Z   20127.83335648  .07414903  00000-0  46238-1 0  9996
2 45554  53.0043 329.6039 0002315 334.7961 307.3227 15.71462172  2929
STARLINK-1327           
1 45555U 20025AA  20127.83335648  .05067349  00000-0  33105-1 0  9992
2 45555  53.0043 329.6325 0001913 318.4563 308.6707 15.71302391  2921
STARLINK-1334           
1 45556U 20025AB  20127.83335648  .05437512  00000-0  34657-1 0  9999
2 45556  53.0048 329.6068 0001806 345.3924 295.1309 15.71604085  2925
STARLINK-1336           
1 45557U 20025AC  20127.91667824  .03239765  00000-0  21337-1 0  9992
2 45557  53.0074 329.1972 0002962 104.1011 284.2861 15.71576988  2939
STARLINK-1342           
1 45558U 20025AD  20127.66667824  .04531110  00000-0  29136-1 0  9990
2 45558  53.0079 330.4838 0003551  95.9876 296.0311 15.71489572  2890
STARLINK-1344           
1 45559U 20025AE  20127.83335648  .05169012  00000-0  33431-1 0  9998
2 45559  53.0042 329.6192 0001866 328.1543 306.3667 15.71463974  2924
STARLINK-1346           
1 45560U 20025AF  20127.91667824  .03199832  00000-0  21188-1 0  9990
2 45560  53.0079 329.2060 0002788  99.3201 285.4719 15.71490288  2932
STARLINK-1348           
1 45561U 20025AG  20127.83335648  .05346733  00000-0  34933-1 0  9996
2 45561  53.0040 329.6486 0001920 304.9832 314.5642 15.71079868  2924
STARLINK-1354           
1 45562U 20025AH  20127.83335648  .04923584  00000-0  32161-1 0  9992
2 45562  53.0060 329.6269 0001875 323.9071 307.1837 15.71419327  2923
STARLINK-1355           
1 45563U 20025AJ  20127.83335648  .05324234  00000-0  34693-1 0  9993
2 45563  53.0059 329.6432 0001842 312.3073 310.8087 15.71161569  2922
STARLINK-1356           
1 45564U 20025AK  20127.83335648  .06476786  00000-0  42017-1 0  9994
2 45564  53.0055 329.6366 0002500 310.3921 314.9737 15.71131519  2926
STARLINK-1357           
1 45565U 20025AL  20127.58334491  .08413610  00000-0  52545-1 0  9998
2 45565  53.0075 330.8430 0003147  49.6174 243.6374 15.71606909  2885
STARLINK-1358           
1 45566U 20025AM  20127.83335648  .07223101  00000-0  46221-1 0  9999
2 45566  53.0042 329.6454 0002327 311.4350 309.7570 15.70964444  2924
STARLINK-1361           
1 45567U 20025AN  20127.83335648  .06792545  00000-0  44349-1 0  9991
2 45567  53.0055 329.6645 0002626 292.1043 319.7670 15.70766529  2923
STARLINK-1363           
1 45568U 20025AP  20127.83335648  .07301168  00000-0  46859-1 0  9998
2 45568  53.0037 329.6515 0002340 302.2627 315.2168 15.70841122  2920
STARLINK-1366           
1 45569U 20025AQ  20127.91667824  .03631518  00000-0  24222-1 0  9993
2 45569  53.0076 329.2516 0002340  82.1432 279.1875 15.70837944  2930
STARLINK-1376           
1 45570U 20025AR  20127.83335648  .04691887  00000-0  31397-1 0  9999
2 45570  53.0060 329.6615 0002018 294.7608 319.0723 15.71022486  2920
STARLINK-1261           
1 45571U 20025AS  20127.91667824  .03210297  00000-0  20993-1 0  9994
2 45571  53.0074 329.1833 0003069 106.4962 288.4227 15.71780321  1782
STARLINK-1320           
1 45572U 20025AT  20127.83335648  .05602273  00000-0  35297-1 0  9996
2 45572  53.0040 329.5930 0001742 356.9404 289.5591 15.71752138  2925
STARLINK-1321           
1 45573U 20025AU  20127.91667824  .03373333  00000-0  22413-1 0  9996
2 45573  53.0072 329.2259 0002603  93.3175 280.8677 15.71216906  1786
STARLINK-1324           
1 45574U 20025AV  20127.83335648  .05454082  00000-0  34597-1 0  9993
2 45574  53.0041 329.5976 0001776   2.3503 282.1039 15.71705532  2929
STARLINK-1326           
1 45575U 20025AW  20127.83335648  .05516029  00000-0  35121-1 0  9998
2 45575  53.0045 329.6089 0001633   9.6098 269.5255 15.71565821  2925
STARLINK-1328           
1 45576U 20025AX  20127.91667824  .03188617  00000-0  21135-1 0  9998
2 45576  53.0076 329.2059 0002872  97.9583 285.7519 15.71478908  1783
STARLINK-1330           
1 45577U 20025AY  20127.83335648  .05169715  00000-0  33965-1 0  9990
2 45577  53.0036 329.6477 0001905 304.4094 314.1520 15.71085245  2921
STARLINK-1331           
1 45578U 20025AZ  20127.83335648  .05020846  00000-0  32548-1 0  9998
2 45578  53.0047 329.6147 0001884 330.7646 304.8300 15.71525260  2927
STARLINK-1332           
1 45579U 20025BA  20127.91667824  .04875639  00000-0  30218-1 0  9991
2 45579  53.0063 329.3288 0007790  87.1863 236.6490 15.72734937  1773
STARLINK-1333           
1 45580U 20025BB  20127.58334491  .06288105  00000-0  39411-1 0  9999
2 45580  53.0072 330.8448 0003341  63.7403 241.1720 15.72091750  2887
STARLINK-1335           
1 45581U 20025BC  20127.83335648  .05252597  00000-0  34115-1 0  9994
2 45581  53.0041 329.6294 0001870 320.0390 308.0240 15.71296736  2923
STARLINK-1337           
1 45582U 20025BD  20127.91667824  .03310113  00000-0  22201-1 0  9998
2 45582  53.0073 329.2369 0002409  87.8402 280.4754 15.71058328  2936
STARLINK-1340           
1 45583U 20025BE  20127.83335648  .05408768  00000-0  35008-1 0  9991
2 45583  53.0058 329.6365 0001794 318.3780 307.8005 15.71256418  2929
STARLINK-1343           
1 45584U 20025BF  20127.83335648  .05146107  00000-0  33290-1 0  9999
2 45584  53.0041 329.6197 0001916 325.5344 308.1473 15.71477293  2926
STARLINK-1345           
1 45585U 20025BG  20127.83335648  .06805302  00000-0  43864-1 0  9998
2 45585  53.0042 329.6400 0002460 307.6197 316.4723 15.71068056  2920
STARLINK-1347           
1 45586U 20025BH  20127.83335648  .05179958  00000-0  33613-1 0  9990
2 45586  53.0043 329.6273 0001936 321.3443 308.7127 15.71376231  2923
STARLINK-1349           
1 45587U 20025BJ  20127.83335648  .05249238  00000-0  33739-1 0  9999
2 45587  53.0048 329.6129 0001780 330.4028 307.1800 15.71549881  2920
STARLINK-1360           
1 45588U 20025BK  20127.83335648  .06732999  00000-0  43989-1 0  9990
2 45588  53.0053 329.6603 0002480 289.3479 323.4585 15.70789134  2921
STARLINK-1364           
1 45589U 20025BL  20127.83335648  .06622357  00000-0  43265-1 0  9994
2 45589  53.0055 329.6569 0002621 293.2917 321.5270 15.70865010  2921
STARLINK-1365           
1 45590U 20025BM  20127.91667824  .03492176  00000-0  23595-1 0  9994
2 45590  53.0074 329.2486 0002358  83.9881 277.9666 15.70679539  2932
FALCON 9 DEB            
1 45591U 20025BN  20127.92947848  .00499103  11505-4  41429-3 0  9991
2 45591  53.0064 327.8237 0081389 104.3770 256.6313 16.06132230  2267
FALCON 9 DEB            
1 45592U 20025BP  20127.86149270  .00601548  11514-4  50128-3 0  9992
2 45592  53.0047 328.1064 0077474 104.8884 256.0744 16.06656602  2257
FALCON 9 DEB            
1 45593U 20025BQ  20127.85170257  .00432371  11547-4  34272-3 0  9995
2 45593  53.0049 328.0337 0074100 101.6000 259.3362 16.07843541  2253
FALCON 9 DEB            
1 45594U 20025BR  20127.66668732  .00521323  11541-4  41813-3 0  9994
2 45594  53.0053 329.0187 0074704 100.6888 260.2567 16.07581711  2229
