ISS (ZARYA)             
1 25544U 98067A   20128.16417990  .00000792  00000-0  22259-4 0  9992
2 25544  51.6447 191.5108 0001094 259.9474 302.0637 15.49353066225651
KESTREL EYE IIM (KE2M)  
1 42982U 98067NE  20127.73859602  .00014794  00000-0  12967-3 0  9990
2 42982  51.6332 134.1826 0003045 314.6284  45.4465 15.69114886144525
DELLINGR (RBLE)         
1 43021U 98067NJ  20127.63922519  .00011378  00000-0  98333-4 0  9999
2 43021  51.6367 133.3663 0000725   9.7822  95.0431 15.69749967140298
1KUNS-PF                
1 43466U 98067NP  20127.43054507  .00214759  29347-4  51661-3 0  9992
2 43466  51.6243 113.7677 0004831  54.1314 306.0142 15.96016457113793
UBAKUSAT                
1 43467U 98067NQ  20127.46149446  .00027830  00000-0  19903-3 0  9999
2 43467  51.6315 137.5423 0001141  27.4120 332.6939 15.73514656113491
CUBERRT                 
1 43546U 98067NU  20127.44867360  .00011946  00000-0  93034-4 0  9996
2 43546  51.6330 136.7323 0002856 313.5969  46.4792 15.72215162103631
TEMPEST-D               
1 43547U 98067NV  20127.57782020  .00004824  00000-0  60063-4 0  9993
2 43547  51.6355 163.2118 0004315 263.8424  96.2078 15.62023383102978
RAINCUBE                
1 43548U 98067NW  20127.65985398  .00026352  00000-0  19855-3 0  9998
2 43548  51.6315 144.1152 0003731 320.3240  39.7485 15.72312356103682
HALOSAT                 
1 43549U 98067NX  20127.51587832  .00017809  00000-0  13906-3 0  9993
2 43549  51.6343 145.4704 0003319 324.1735  35.9040 15.71746417103216
ENDUROSAT ONE           
1 43551U 98067NZ  20127.74097657  .00049196  00000-0  28528-3 0  9992
2 43551  51.6325 134.8751 0004073 342.9155  17.1708 15.78029123103785
EQUISAT                 
1 43552U 98067PA  20127.75358637  .00025400  00000-0  19083-3 0  9990
2 43552  51.6339 142.5961 0004378 323.9144  36.1558 15.72400627103640
RADSAT-G                
1 43553U 98067PB  20127.49848404  .00016434  00000-0  14846-3 0  9997
2 43553  51.6386 150.7944 0004595 305.0520  55.0045 15.68268837103567
1998-067PC              
1 43554U 98067PC  20127.37837684  .00063091  00000-0  33763-3 0  9993
2 43554  51.6294 134.6730 0004698 350.6404   9.4509 15.79706016103297
AEROCUBE 12A            
1 43556U 18046C   20127.75771105  .00001885  00000-0  76918-4 0  9994
2 43556  51.6426 305.8869 0008664 143.6412 216.5158 15.29697295100995
AEROCUBE 12B            
1 43557U 18046D   20127.74562399  .00000850  00000-0  41827-4 0  9999
2 43557  51.6427 306.5459 0008704 142.9951 217.1631 15.29428437100932
LEMUR-2-VU              
1 43558U 18046E   20127.68916207  .00003325  00000-0  12177-3 0  9999
2 43558  51.6411 303.2593 0007989 146.0278 214.1215 15.30876713101011
LEMUR-2-ALEXANDER       
1 43559U 18046F   20127.91825550  .00001887  00000-0  74052-4 0  9998
2 43559  51.6406 301.8009 0007998 146.0295 214.1200 15.31019067100836
LEMUR-2-YUASA           
1 43560U 18046G   20127.77176641  .00003048  00000-0  11289-3 0  9997
2 43560  51.6407 303.0543 0008164 158.9003 201.2316 15.30804938101026
LEMUR-2-TOMHENDERSON    
1 43561U 18046H   20127.78055590  .00001781  00000-0  71380-4 0  9999
2 43561  51.6406 303.1122 0008313 157.7300 202.4043 15.30636736100582
SIRIUSSAT-1             
1 43595U 98067PG  20127.54949940  .00029091  00000-0  21658-3 0  9998
2 43595  51.6311 146.3464 0002112 337.8435  22.2472 15.72541455 98423
SIRIUSSAT-2             
1 43596U 98067PH  20127.60847121  .00030811  00000-0  23002-3 0  9991
2 43596  51.6318 146.8111 0002137 326.5243  33.5620 15.72444076 98425
TANUSHA-3               
1 43597U 98067PJ  20127.89057405  .00062665  00000-0  31934-3 0  9996
2 43597  51.6284 134.9815 0003629  12.5249 347.5843 15.80785760 98604
1998-067PK              
1 43598U 98067PK  20127.60692150  .00073092  00000-0  35144-3 0  9991
2 43598  51.6275 135.3671 0003699  15.7016 344.4100 15.81983320 98575
1998-067PN              
1 43638U 98067PN  20127.79222359  .00009377  00000-0  10547-3 0  9991
2 43638  51.6348 162.3772 0001179 263.0938  96.9923 15.63366073 90164
1998-067PP              
1 43639U 98067PP  20127.37046330  .00018702  00000-0  17293-3 0  9996
2 43639  51.6346 157.3178 0002513 264.7940  95.2770 15.67588642 90198
STARS-ME                
1 43640U 98067PQ  20127.67262730  .00011751  00000-0  12333-3 0  9992
2 43640  51.6337 160.0455 0003040 244.6448 115.4232 15.64853590 90186
ISS DEB (SEDA-AP)       
1 43870U 98067PU  20127.59482474  .00002966  00000-0  46095-4 0  9998
2 43870  51.6406 176.1032 0003424 246.7523 113.3110 15.57568735 78139
CATSAT-2                
1 44029U 98067PV  20127.73471871  .00013566  00000-0  14579-3 0  9999
2 44029  51.6372 167.3140 0003943 306.3996  53.6635 15.64086147 71998
DELPHINI                
1 44030U 98067PW  20127.52147885  .00017652  00000-0  18202-3 0  9990
2 44030  51.6334 167.2961 0003865 308.5545  51.5104 15.64896625 71948
UNITE                   
1 44031U 98067PX  20127.63151170  .00008552  00000-0  10729-3 0  9990
2 44031  51.6364 172.5887 0002747 296.2706  63.8005 15.60639664 71881
CATSAT-1                
1 44033U 98067PZ  20127.73459321  .00015544  00000-0  16622-3 0  9999
2 44033  51.6374 167.3191 0003727 305.7711  54.2937 15.64080761 71908
ISS DEB                 
1 44303U 98067QA  20127.67515496  .00003405  00000-0  58823-4 0  9991
2 44303  51.6405 187.2057 0005255 168.0504 192.0613 15.54049428 53268
ISS DEB                 
1 44304U 98067QB  20127.74504192  .00017334  00000-0  21365-3 0  9997
2 44304  51.6384 180.1741 0003448 144.4863 215.6361 15.60297122 53372
ISS DEB                 
1 44305U 98067QC  20127.64118506  .00022259  00000-0  25037-3 0  9999
2 44305  51.6343 177.8686 0001995 251.0741 109.0037 15.62500616 53399
ISS DEB                 
1 44306U 98067QD  20127.63281952  .00004141  00000-0  69910-4 0  9994
2 44306  51.6392 187.6271 0006509 165.0345 195.0839 15.54070626 53268
RAAVANA-1               
1 44329U 98067QE  20127.42405626  .00009884  00000-0  13985-3 0  9991
2 44329  51.6382 184.7494 0005118 206.5682 153.5049 15.57194077 50457
UGUISU                  
1 44330U 98067QF  20127.43448917  .00009858  00000-0  13986-3 0  9996
2 44330  51.6384 184.8150 0005098 204.8218 155.2529 15.57123683 50439
NEPALISAT-1             
1 44331U 98067QG  20127.60973422  .00009379  00000-0  13289-3 0  9994
2 44331  51.6383 183.7385 0005141 209.1013 150.9693 15.57227453 50475
SPOOQY-1                
1 44332U 98067QH  20127.41827620  .00009450  00000-0  13428-3 0  9997
2 44332  51.6384 184.7070 0004143 211.2063 148.8684 15.57142352 50402
PINOT                   
1 44364U 98067QJ  20127.85922706  .00003646  00000-0  62873-4 0  9991
2 44364  51.6485 186.9057 0007151 167.6281 192.4857 15.53865573 48874
IOD-1 GEMS              
1 44385U 98067QK  20127.84771884  .00013991  00000-0  18195-3 0  9993
2 44385  51.6394 181.6196 0001490 148.1305 211.9778 15.59069463 48007
SWIATOWID               
1 44426U 98067QL  20127.77355622  .00015742  00000-0  19871-3 0  9997
2 44426  51.6421 181.6427 0001976 141.6191 320.5596 15.59751823 48004
KRAKSAT                 
1 44427U 98067QM  20127.72519882  .00005916  00000-0  92092-4 0  9992
2 44427  51.6423 185.8312 0003579 150.0345 309.4391 15.55449594 47982
VCC A                   
1 44428U 98067QN  20127.59267114  .00008864  00000-0  12892-3 0  9990
2 44428  51.6399 185.1620 0001886 172.6126 187.4894 15.56598411 47982
ENTRYSAT                
1 44429U 98067QP  20127.39426782  .00011028  00000-0  15389-3 0  9997
2 44429  51.6387 185.3170 0001556 156.3196 203.7868 15.57435307 47968
VCC C                   
1 44430U 98067QQ  20127.58907580  .00014246  00000-0  18950-3 0  9992
2 44430  51.6377 183.6289 0001117 180.0470 180.0523 15.58447467 46834
VCC B                   
1 44431U 98067QR  20127.52914598  .00008848  00000-0  12856-3 0  9994
2 44431  51.6392 185.4769 0001984 171.3501 188.7525 15.56629272 47916
ISS DEB                 
1 44788U 98067QT  20127.42505536  .00011926  00000-0  18385-3 0  9990
2 44788  51.6414 191.5026 0004682 201.5587 158.5218 15.54613266 26856
ISS DEB                 
1 44789U 98067QU  20127.57865343  .00012672  00000-0  19722-3 0  9997
2 44789  51.6421 191.0515 0005715 203.4305 156.6452 15.54277041 26867
RWASAT-1                
1 44790U 98067QV  20128.16710649 -.00000474  00000-0  00000+0 0  9996
2 44790  51.6467 188.7674 0007592 223.4298 232.5630 15.52453440 26214
AQT-D                   
1 44791U 98067QW  20127.60119788  .00002450  00000-0  47567-4 0  9991
2 44791  51.6410 191.9362 0002141 187.9820 172.1136 15.52001572 26128
NARSSCUBE-1             
1 44792U 98067QX  20127.87922689  .00006881  00000-0  11545-3 0  9991
2 44792  51.6401 190.0429 0004766 218.8682 141.1966 15.53041785 26171
PROGRESS-MS 13          
1 44833U 19085A   20127.52085648  .00000843  00000-0  23178-4 0  9995
2 44833  51.6447 194.6912 0001025 242.2361 329.1669 15.49351775225553
STPSAT-4                
1 45043U 98067QY  20127.65524662  .00002497  00000-0  52213-4 0  9993
2 45043  51.6490 193.7760 0005479 207.1273 152.9429 15.49726005 15347
CYGNUS NG-13            
1 45175U 20011A   20127.52085648  .00000843  00000-0  23178-4 0  9996
2 45175  51.6447 194.6912 0001025 242.2361 329.1669 15.49351775225553
HARP                    
1 45256U 98067QZ  20127.61974544  .00004809  00000-0  89897-4 0  9990
2 45256  51.6417 193.5552 0007133 201.9431 158.1253 15.50726030 12010
1998-067RA              
1 45257U 98067RA  20127.61817645  .00004246  00000-0  80420-4 0  9997
2 45257  51.6415 193.5436 0007777 205.8035 154.2567 15.50685845 12010
PHOENIX                 
1 45258U 98067RB  20127.75063817  .00003820  00000-0  73453-4 0  9992
2 45258  51.6411 192.9250 0005914 185.2749 174.8179 15.50565138 12006
1998-067RC              
1 45259U 98067RC  20127.74429572  .00006086  00000-0  11097-3 0  9998
2 45259  51.6413 192.8855 0006968 204.8127 155.2528 15.50902570 12036
CRYOCUBE                
1 45260U 98067RD  20127.60802344  .00006247  00000-0  11316-3 0  9990
2 45260  51.6413 193.4761 0007760 203.3965 156.6673 15.51035714 12029
1998-067RE              
1 45261U 98067RE  20127.60355871  .00007781  00000-0  13796-3 0  9997
2 45261  51.6412 193.4463 0007438 204.6557 155.4078 15.51250148 12016
1998-067RF              
1 45262U 98067RF  20127.61603073  .00004370  00000-0  82403-4 0  9992
2 45262  51.6418 193.5313 0006615 241.8458 118.1863 15.50731211 12020
QARMAN                  
1 45263U 98067RG  20127.88071680  .00005897  00000-0  10853-3 0  9999
2 45263  51.6412 192.2959 0006992 201.9963 158.0727 15.50702710 12083
SORTIE                  
1 45264U 98067RH  20127.63244053  .00002912  00000-0  58462-4 0  9993
2 45264  51.6420 193.6391 0007393 209.8327 150.2241 15.50271170 12014
ICS-EF (ISS DEB)        
1 45265U 98067RJ  20127.53171185  .00001779  00000-0  39693-4 0  9993
2 45265  51.6417 194.4619 0005231 209.9239 150.1451 15.49592591 11679
SOYUZ-MS 16             
1 45476U 20023A   20127.52085648  .00000843  00000-0  23178-4 0  9993
2 45476  51.6447 194.6912 0001025 242.2361 329.1669 15.49351775225557
PROGRESS-MS 14          
1 45595U 20026A   20127.52085648  .00000843  00000-0  23178-4 0  9998
2 45595  51.6447 194.6912 0001025 242.2361 329.1669 15.49351775225559
G-SAT                   
1 45597U 98067RK  20123.49895774  .00004824  00000-0  91945-4 0  9991
2 45597  51.6438 214.5758 0004614 248.6471 207.2016 15.50160417   736
QUETZAL-1               
1 45598U 98067RL  20123.49846198  .00008475  00000-0  15720-3 0  9990
2 45598  51.6450 214.5908 0002193 263.8257 183.8606 15.49834326   660
