SOYUZ-MS 16             
1 45476U 20023A   20127.52085648  .00000843  00000-0  23178-4 0  9993
2 45476  51.6447 194.6912 0001025 242.2361 329.1669 15.49351775225557
AC 10 PROBE (FULLER)    
1 45528U 19022M   20127.21747035  .00063598  00000-0  20299-2 0  9994
2 45528  51.6420 236.6637 0007619 169.0635 191.0514 15.31860506  2301
NOOR                    
1 45529U 20024A   20127.77913329  .00004252  00000-0  96359-4 0  9995
2 45529  59.8104 113.4294 0006280 264.1441 156.3200 15.45131035  2250
QASED R/B               
1 45530U 20024B   20127.65231980  .00001644  00000-0  43980-4 0  9994
2 45530  59.7979 114.0426 0011882 231.8777 128.1240 15.43648930  2236
STARLINK-1329           
1 45531U 20025A   20127.83335648  .04530829  00000-0  39944-1 0  9990
2 45531  53.0049 330.2407 0003571  21.3463 306.9526 15.64319588  2918
STARLINK-1338           
1 45532U 20025B   20127.91667824  .02059086  00000-0  18754-1 0  9999
2 45532  53.0072 329.8310 0003055 102.9884 329.8386 15.64503964  1787
STARLINK-1339           
1 45533U 20025C   20127.83335648  .04696754  00000-0  41500-1 0  9993
2 45533  53.0046 330.2606 0003635  12.4658 304.9720 15.64119802  2917
STARLINK-1341           
1 45534U 20025D   20127.83335648  .04704285  00000-0  41519-1 0  9993
2 45534  53.0057 330.2589 0003652  14.0986 305.8207 15.64142761  2911
STARLINK-1350           
1 45535U 20025E   20127.91667824  .02096269  00000-0  19196-1 0  9997
2 45535  53.0067 329.8525 0003127  86.9612 334.9397 15.64314239  1786
STARLINK-1352           
1 45536U 20025F   20127.91667824  .02362186  00000-0  21380-1 0  9990
2 45536  53.0067 329.8559 0003159  92.0630 328.6819 15.64236603  1784
STARLINK-1353           
1 45537U 20025G   20127.83335648  .04811127  00000-0  42384-1 0  9991
2 45537  53.0049 330.2609 0003514  10.9846 303.9235 15.64097232  2928
STARLINK-1362           
1 45538U 20025H   20127.83335648  .04579104  00000-0  40326-1 0  9992
2 45538  53.0061 330.2418 0003444  21.0519 305.9825 15.64305058  2928
STARLINK-1367           
1 45539U 20025J   20127.83335648  .07120739  00000-0  42810-1 0  9992
2 45539  53.0051 329.5644 0008287  86.0728 214.3762 15.72564345  2921
STARLINK-1368           
1 45540U 20025K   20127.91667824  .02069155  00000-0  18986-1 0  9993
2 45540  53.0073 329.8564 0003133  90.5185 328.8750 15.64301156  1784
STARLINK-1369           
1 45541U 20025L   20127.91667824  .02376489  00000-0  21476-1 0  9993
2 45541  53.0067 329.8585 0003202  90.0937 328.0561 15.64256361  1787
STARLINK-1371           
1 45542U 20025M   20127.91667824  .02045933  00000-0  18666-1 0  9998
2 45542  53.0080 329.8374 0003258 101.7883 328.6103 15.64479834  2938
STARLINK-1372           
1 45543U 20025N   20127.91667824  .02484133  00000-0  22459-1 0  9993
2 45543  53.0068 329.8653 0003131  90.4487 326.7954 15.64092547  1786
STARLINK-1373           
1 45544U 20025P   20127.83335648  .05626797  00000-0  49411-1 0  9995
2 45544  53.0054 330.2418 0003707  16.4121 309.3521 15.64204832  2914
STARLINK-1374           
1 45545U 20025Q   20127.83335648  .04688323  00000-0  41438-1 0  9999
2 45545  53.0057 330.2607 0003604  13.8568 304.8597 15.64119180  2925
STARLINK-1375           
1 45546U 20025R   20127.75001157  .04182836  00000-0  36302-1 0  9998
2 45546  53.0055 330.6714 0002053 280.5501 283.3600 15.64375367  2910
STARLINK-1377           
1 45547U 20025S   20127.66667824  .02710044  00000-0  24090-1 0  9995
2 45547  53.0066 331.0797 0002544 112.9953 343.6840 15.64775682  2902
STARLINK-1378           
1 45548U 20025T   20127.91667824  .02335083  00000-0  21273-1 0  9990
2 45548  53.0067 329.8662 0003261  88.9713 327.0354 15.64108693  2945
STARLINK-1379           
1 45549U 20025U   20127.83335648  .04814865  00000-0  42609-1 0  9996
2 45549  53.0051 330.2798 0003567   5.0514 300.0492 15.63978522  2920
STARLINK-1390           
1 45550U 20025V   20127.83335648  .05668244  00000-0  49729-1 0  9997
2 45550  53.0056 330.2432 0003841  15.9125 308.6017 15.64199035  2916
STARLINK-1294           
1 45551U 20025W   20127.91667824  .03251383  00000-0  21228-1 0  9995
2 45551  53.0073 329.1826 0003105 110.7632 285.1732 15.71773621  1784
STARLINK-1322           
1 45552U 20025X   20127.75001157  .04622302  00000-0  29689-1 0  9992
2 45552  53.0051 330.0096 0003078 203.0982 330.8306 15.72068548  2911
STARLINK-1323           
1 45553U 20025Y   20127.91667824  .03149756  00000-0  20759-1 0  9995
2 45553  53.0074 329.1922 0002998 103.4536 286.9368 15.71658594  1780
STARLINK-1325           
1 45554U 20025Z   20127.83335648  .07414903  00000-0  46238-1 0  9996
2 45554  53.0043 329.6039 0002315 334.7961 307.3227 15.71462172  2929
STARLINK-1327           
1 45555U 20025AA  20127.83335648  .05067349  00000-0  33105-1 0  9992
2 45555  53.0043 329.6325 0001913 318.4563 308.6707 15.71302391  2921
STARLINK-1334           
1 45556U 20025AB  20127.83335648  .05437512  00000-0  34657-1 0  9999
2 45556  53.0048 329.6068 0001806 345.3924 295.1309 15.71604085  2925
STARLINK-1336           
1 45557U 20025AC  20127.91667824  .03239765  00000-0  21337-1 0  9992
2 45557  53.0074 329.1972 0002962 104.1011 284.2861 15.71576988  2939
STARLINK-1342           
1 45558U 20025AD  20127.66667824  .04531110  00000-0  29136-1 0  9990
2 45558  53.0079 330.4838 0003551  95.9876 296.0311 15.71489572  2890
STARLINK-1344           
1 45559U 20025AE  20127.83335648  .05169012  00000-0  33431-1 0  9998
2 45559  53.0042 329.6192 0001866 328.1543 306.3667 15.71463974  2924
STARLINK-1346           
1 45560U 20025AF  20127.91667824  .03199832  00000-0  21188-1 0  9990
2 45560  53.0079 329.2060 0002788  99.3201 285.4719 15.71490288  2932
STARLINK-1348           
1 45561U 20025AG  20127.83335648  .05346733  00000-0  34933-1 0  9996
2 45561  53.0040 329.6486 0001920 304.9832 314.5642 15.71079868  2924
STARLINK-1354           
1 45562U 20025AH  20127.83335648  .04923584  00000-0  32161-1 0  9992
2 45562  53.0060 329.6269 0001875 323.9071 307.1837 15.71419327  2923
STARLINK-1355           
1 45563U 20025AJ  20127.83335648  .05324234  00000-0  34693-1 0  9993
2 45563  53.0059 329.6432 0001842 312.3073 310.8087 15.71161569  2922
STARLINK-1356           
1 45564U 20025AK  20127.83335648  .06476786  00000-0  42017-1 0  9994
2 45564  53.0055 329.6366 0002500 310.3921 314.9737 15.71131519  2926
STARLINK-1357           
1 45565U 20025AL  20127.58334491  .08413610  00000-0  52545-1 0  9998
2 45565  53.0075 330.8430 0003147  49.6174 243.6374 15.71606909  2885
STARLINK-1358           
1 45566U 20025AM  20127.83335648  .07223101  00000-0  46221-1 0  9999
2 45566  53.0042 329.6454 0002327 311.4350 309.7570 15.70964444  2924
STARLINK-1361           
1 45567U 20025AN  20127.83335648  .06792545  00000-0  44349-1 0  9991
2 45567  53.0055 329.6645 0002626 292.1043 319.7670 15.70766529  2923
STARLINK-1363           
1 45568U 20025AP  20127.83335648  .07301168  00000-0  46859-1 0  9998
2 45568  53.0037 329.6515 0002340 302.2627 315.2168 15.70841122  2920
STARLINK-1366           
1 45569U 20025AQ  20127.91667824  .03631518  00000-0  24222-1 0  9993
2 45569  53.0076 329.2516 0002340  82.1432 279.1875 15.70837944  2930
STARLINK-1376           
1 45570U 20025AR  20127.83335648  .04691887  00000-0  31397-1 0  9999
2 45570  53.0060 329.6615 0002018 294.7608 319.0723 15.71022486  2920
STARLINK-1261           
1 45571U 20025AS  20127.91667824  .03210297  00000-0  20993-1 0  9994
2 45571  53.0074 329.1833 0003069 106.4962 288.4227 15.71780321  1782
STARLINK-1320           
1 45572U 20025AT  20127.83335648  .05602273  00000-0  35297-1 0  9996
2 45572  53.0040 329.5930 0001742 356.9404 289.5591 15.71752138  2925
STARLINK-1321           
1 45573U 20025AU  20127.91667824  .03373333  00000-0  22413-1 0  9996
2 45573  53.0072 329.2259 0002603  93.3175 280.8677 15.71216906  1786
STARLINK-1324           
1 45574U 20025AV  20127.83335648  .05454082  00000-0  34597-1 0  9993
2 45574  53.0041 329.5976 0001776   2.3503 282.1039 15.71705532  2929
STARLINK-1326           
1 45575U 20025AW  20127.83335648  .05516029  00000-0  35121-1 0  9998
2 45575  53.0045 329.6089 0001633   9.6098 269.5255 15.71565821  2925
STARLINK-1328           
1 45576U 20025AX  20127.91667824  .03188617  00000-0  21135-1 0  9998
2 45576  53.0076 329.2059 0002872  97.9583 285.7519 15.71478908  1783
STARLINK-1330           
1 45577U 20025AY  20127.83335648  .05169715  00000-0  33965-1 0  9990
2 45577  53.0036 329.6477 0001905 304.4094 314.1520 15.71085245  2921
STARLINK-1331           
1 45578U 20025AZ  20127.83335648  .05020846  00000-0  32548-1 0  9998
2 45578  53.0047 329.6147 0001884 330.7646 304.8300 15.71525260  2927
STARLINK-1332           
1 45579U 20025BA  20127.91667824  .04875639  00000-0  30218-1 0  9991
2 45579  53.0063 329.3288 0007790  87.1863 236.6490 15.72734937  1773
STARLINK-1333           
1 45580U 20025BB  20127.58334491  .06288105  00000-0  39411-1 0  9999
2 45580  53.0072 330.8448 0003341  63.7403 241.1720 15.72091750  2887
STARLINK-1335           
1 45581U 20025BC  20127.83335648  .05252597  00000-0  34115-1 0  9994
2 45581  53.0041 329.6294 0001870 320.0390 308.0240 15.71296736  2923
STARLINK-1337           
1 45582U 20025BD  20127.91667824  .03310113  00000-0  22201-1 0  9998
2 45582  53.0073 329.2369 0002409  87.8402 280.4754 15.71058328  2936
STARLINK-1340           
1 45583U 20025BE  20127.83335648  .05408768  00000-0  35008-1 0  9991
2 45583  53.0058 329.6365 0001794 318.3780 307.8005 15.71256418  2929
STARLINK-1343           
1 45584U 20025BF  20127.83335648  .05146107  00000-0  33290-1 0  9999
2 45584  53.0041 329.6197 0001916 325.5344 308.1473 15.71477293  2926
STARLINK-1345           
1 45585U 20025BG  20127.83335648  .06805302  00000-0  43864-1 0  9998
2 45585  53.0042 329.6400 0002460 307.6197 316.4723 15.71068056  2920
STARLINK-1347           
1 45586U 20025BH  20127.83335648  .05179958  00000-0  33613-1 0  9990
2 45586  53.0043 329.6273 0001936 321.3443 308.7127 15.71376231  2923
STARLINK-1349           
1 45587U 20025BJ  20127.83335648  .05249238  00000-0  33739-1 0  9999
2 45587  53.0048 329.6129 0001780 330.4028 307.1800 15.71549881  2920
STARLINK-1360           
1 45588U 20025BK  20127.83335648  .06732999  00000-0  43989-1 0  9990
2 45588  53.0053 329.6603 0002480 289.3479 323.4585 15.70789134  2921
STARLINK-1364           
1 45589U 20025BL  20127.83335648  .06622357  00000-0  43265-1 0  9994
2 45589  53.0055 329.6569 0002621 293.2917 321.5270 15.70865010  2921
STARLINK-1365           
1 45590U 20025BM  20127.91667824  .03492176  00000-0  23595-1 0  9994
2 45590  53.0074 329.2486 0002358  83.9881 277.9666 15.70679539  2932
FALCON 9 DEB            
1 45591U 20025BN  20127.92947848  .00499103  11505-4  41429-3 0  9991
2 45591  53.0064 327.8237 0081389 104.3770 256.6313 16.06132230  2267
FALCON 9 DEB            
1 45592U 20025BP  20127.86149270  .00601548  11514-4  50128-3 0  9992
2 45592  53.0047 328.1064 0077474 104.8884 256.0744 16.06656602  2257
FALCON 9 DEB            
1 45593U 20025BQ  20127.85170257  .00432371  11547-4  34272-3 0  9995
2 45593  53.0049 328.0337 0074100 101.6000 259.3362 16.07843541  2253
FALCON 9 DEB            
1 45594U 20025BR  20127.66668732  .00521323  11541-4  41813-3 0  9994
2 45594  53.0053 329.0187 0074704 100.6888 260.2567 16.07581711  2229
PROGRESS-MS 14          
1 45595U 20026A   20127.52085648  .00000843  00000-0  23178-4 0  9998
2 45595  51.6447 194.6912 0001025 242.2361 329.1669 15.49351775225559
G-SAT                   
1 45597U 98067RK  20123.49895774  .00004824  00000-0  91945-4 0  9991
2 45597  51.6438 214.5758 0004614 248.6471 207.2016 15.50160417   736
QUETZAL-1               
1 45598U 98067RL  20123.49846198  .00008475  00000-0  15720-3 0  9990
2 45598  51.6450 214.5908 0002193 263.8257 183.8606 15.49834326   660
XZF CAPSULE             
1 45599U 20027A   20127.91367552 -.00000145  00000-0  00000+0 0  9993
2 45599  41.0868 323.2895 2577524 104.8422 285.2358 10.12835863   220
INFLATABLE TEST MODULE  
1 45600U 20027B   20126.97420378  .00327396  72394-5  10000-3 0  9991
2 45600  41.1024 326.2229 0153157 172.3557 299.0218 16.03267776    92
CZ-5B R/B               
1 45601U 20027C   20127.97163262  .02096656  72030-5  43583-3 0  9992
2 45601  41.1047 319.6911 0140419 178.7666 314.3406 16.09214563   250
