DMSP 5D-2 F14 (USA 131) 
1 24753U 97012A   20127.68684825 -.00000019  00000-0  13624-4 0  9990
2 24753  99.0239 143.8729 0008142 330.6992  29.3724 14.15888085192306
NOAA 15                 
1 25338U 98030A   20127.82482480  .00000064  00000-0  45576-4 0  9990
2 25338  98.7205 153.0803 0010858  30.1817 329.9986 14.25962870143048
DMSP 5D-3 F15 (USA 147) 
1 25991U 99067A   20127.77774603 -.00000093  00000-0 -23857-4 0  9993
2 25991  98.9664  98.8347 0009111 215.0704 265.5663 14.16487729 54540
METEOSAT-8 (MSG-1)      
1 27509U 02040B   20127.81700623  .00000129  00000-0  00000-0 0  9990
2 27509   6.6547  54.2716 0001814 352.5874 153.7458  1.00274186 64873
DMSP 5D-3 F16 (USA 172) 
1 28054U 03048A   20127.89846310 -.00000087  00000-0 -22367-4 0  9996
2 28054  98.9094 107.1063 0007373 349.6799  63.1373 14.13660221853910
NOAA 18                 
1 28654U 05018A   20127.72454810  .00000093  00000-0  74942-4 0  9994
2 28654  99.0474 183.7556 0013899 353.2852   6.8131 14.12508149771024
METEOSAT-9 (MSG-2)      
1 28912U 05049B   20127.63430681  .00000009  00000-0  00000-0 0  9992
2 28912   4.3386  70.2842 0001777 355.3115  31.0320  1.00268066 52652
HIMAWARI-7 (MTSAT-2)    
1 28937U 06004A   20127.87786950 -.00000252  00000-0  00000-0 0  9991
2 28937   0.0371  65.3980 0001567   9.1982 251.6861  1.00271193 52102
FORMOSAT-3 FM6          
1 29047U 06011A   20127.60713959 -.00000137  00000-0 -37458-4 0  9996
2 29047  71.9775 195.4004 0049210 135.4917 225.0190 14.28726855735348
FORMOSAT-3 FM1          
1 29048U 06011B   20127.69506460  .00000030  00000-0  28053-4 0  9994
2 29048  71.9651 106.1813 0041836  92.0096 268.5832 14.28695328737843
FORMOSAT-3 FM5          
1 29049U 06011C   20127.69837760  .00000064  00000-0  41398-4 0  9999
2 29049  72.0199 277.5803 0033785 120.2908 240.1579 14.28778162733630
FORMOSAT-3 FM3          
1 29050U 06011D   20127.93255130  .00000098  00000-0  30992-4 0  9998
2 29050  72.0165  67.4464 0048594  38.6215 321.8396 14.58905367750276
FORMOSAT-3 FM4          
1 29051U 06011E   20127.83927297  .00000073  00000-0  44274-4 0  9999
2 29051  72.0047 179.4350 0068438 355.2693   4.7788 14.28807078736241
FORMOSAT-3 FM2          
1 29052U 06011F   20127.70203697  .00000048  00000-0  34871-4 0  9991
2 29052  72.0346 253.7893 0038709  78.0333 282.5139 14.28911396733737
GOES 13                 
1 29155U 06018A   20127.71761711  .00000030  00000-0  00000-0 0  9993
2 29155   0.2389 268.6647 0004147 290.2659 345.5883  1.00272024 51127
METOP-A                 
1 29499U 06044A   20127.70528985 -.00000003  00000-0  17977-4 0  9992
2 29499  98.5265 175.9169 0001530  76.3719  32.3912 14.21496855702778
DMSP 5D-3 F17 (USA 191) 
1 29522U 06050A   20127.66644904 -.00000039  00000-0  25085-5 0  9990
2 29522  98.8039 144.6911 0008772 300.1609  59.8694 14.14022754696808
FENGYUN 3A              
1 32958U 08026A   20127.88040606 -.00000004  00000-0  17890-4 0  9991
2 32958  98.4044 115.7750 0009915  96.6183 263.6123 14.18624924618820
FENGYUN 2E              
1 33463U 08066A   20127.86617988 -.00000210  00000-0  00000-0 0  9998
2 33463   4.2558  68.6170 0003409 296.9475 257.8998  1.00277676 41707
NOAA 19                 
1 33591U 09005A   20127.72547985  .00000054  00000-0  54864-4 0  9994
2 33591  99.1965 131.9869 0013803 188.7105 171.3828 14.12406488579508
GOES 14                 
1 35491U 09033A   20127.61284677 -.00000103  00000-0  00000+0 0  9994
2 35491   0.2227  98.0815 0007844 125.3341 117.9618  1.00270659 39768
METEOR-M 1              
1 35865U 09049A   20127.72909904  .00000004  00000-0  20364-4 0  9994
2 35865  98.4369 116.5485 0001692 344.6094  15.5033 14.22236310551985
DMSP 5D-3 F18 (USA 210) 
1 35951U 09057A   20127.69421279  .00000099  00000-0  75451-4 0  9990
2 35951  98.6437 118.9924 0012075 124.1225 236.1095 14.13263197544116
GOES 15                 
1 36411U 10008A   20127.67984396  .00000046  00000-0  00000-0 0  9998
2 36411   0.2145 274.7288 0002553 145.0477 281.6697  1.00269269 37295
COMS 1                  
1 36744U 10032A   20127.65916903 -.00000354  00000-0  00000-0 0  9994
2 36744   0.0124  97.8591 0001346 317.4551 175.1142  1.00271740 28702
FENGYUN 3B              
1 37214U 10059A   20127.86885160  .00000024  00000-0  35237-4 0  9996
2 37214  99.0436 108.9695 0017601  27.8856 332.3261 14.15947058491793
SUOMI NPP               
1 37849U 11061A   20127.74578882 -.00000004  00000-0  19040-4 0  9994
2 37849  98.7344  66.2328 0001313  70.5077 349.8297 14.19550712441713
FENGYUN 2F              
1 38049U 12002A   20127.81160765 -.00000366  00000-0  00000+0 0  9990
2 38049   1.9669  83.3752 0002658  62.5623 123.7337  1.00275018 30508
METEOSAT-10 (MSG-3)     
1 38552U 12035B   20127.70723604  .00000051  00000-0  00000-0 0  9991
2 38552   0.9959   9.7780 0000873  31.9984  86.9778  1.00271887 28504
METOP-B                 
1 38771U 12049A   20127.68766737 -.00000009  00000-0  16016-4 0  9992
2 38771  98.6950 187.6234 0002181 111.9625 358.6510 14.21491774396087
FENGYUN 3C              
1 39260U 13052A   20127.71940590 -.00000023  00000-0  97081-5 0  9994
2 39260  98.5544 179.7537 0010548 342.0096  18.0703 14.15837330342719
METEOR-M 2              
1 40069U 14037A   20126.65202808 -.00000042  00000-0  13670-6 0  9996
2 40069  98.5071 165.7965 0006707  53.4504 306.7289 14.20671999302133
HIMAWARI-8              
1 40267U 14060A   20127.87699714 -.00000286  00000-0  00000-0 0  9990
2 40267   0.0115 265.3608 0000863 155.3019 260.8939  1.00267665 20371
FENGYUN 2G              
1 40367U 14090A   20127.93104888 -.00000307  00000-0  00000-0 0  9998
2 40367   1.9849  95.1330 0003131 345.9817 218.6328  1.00264326 19654
METEOSAT-11 (MSG-4)     
1 40732U 15034A   20127.81597716 -.00000011  00000-0  00000-0 0  9998
2 40732   0.4636 213.0420 0001004 260.2081  45.5306  1.00276927 17659
ELEKTRO-L 2             
1 41105U 15074A   20126.74910372 -.00000104  00000-0  00000-0 0  9998
2 41105   1.0976  97.7899 0002604 330.4566 141.4729  1.00270839 16122
HIMAWARI-9              
1 41836U 16064A   20127.66169889 -.00000284  00000-0  00000-0 0  9999
2 41836   0.0451  95.0715 0000402 298.5034 210.3775  1.00271196 12801
GOES 16                 
1 41866U 16071A   20127.76219468 -.00000257  00000-0  00000-0 0  9990
2 41866   0.0119 272.5839 0001197 168.3867 343.2902  1.00272570 12720
FENGYUN 4A              
1 41882U 16077A   20127.94163896 -.00000339  00000-0  00000-0 0  9998
2 41882   0.1506 287.7279 0005550 214.5666 166.6578  1.00268999 12594
CYGFM05                 
1 41884U 16078A   20127.89152854  .00000312  00000-0  18275-4 0  9994
2 41884  34.9570 318.1257 0015311  31.4654 328.6971 15.14608448187807
CYGFM04                 
1 41885U 16078B   20127.61229553  .00000320  00000-0  18396-4 0  9999
2 41885  34.9501 313.2821 0013580  38.6584 321.5098 15.15118124187824
CYGFM02                 
1 41886U 16078C   20127.86870490  .00000315  00000-0  18156-4 0  9997
2 41886  34.9593 313.3907 0014356  37.2276 322.9428 15.15119288187854
CYGFM01                 
1 41887U 16078D   20127.85502588  .00000319  00000-0  18700-4 0  9996
2 41887  34.9536 319.4248 0015752  32.0418 328.1248 15.14421408187788
CYGFM08                 
1 41888U 16078E   20127.85824530  .00000318  00000-0  18445-4 0  9996
2 41888  34.9507 315.3628 0014845  38.6192 321.5578 15.14835968187814
CYGFM06                 
1 41889U 16078F   20127.84743926  .00000323  00000-0  18588-4 0  9999
2 41889  34.9587 312.2121 0013311  36.6665 323.4955 15.15112854187854
CYGFM07                 
1 41890U 16078G   20127.69404852  .00000333  00000-0  19089-4 0  9994
2 41890  34.9525 312.2778 0013044  38.4751 321.6888 15.15112081187830
CYGFM03                 
1 41891U 16078H   20127.82111643  .00000335  00000-0  19240-4 0  9994
2 41891  34.9557 311.7216 0012540  38.2562 321.9038 15.15107912187854
FENGYUN 3D              
1 43010U 17072A   20127.85801287  .00000009  00000-0  24808-4 0  9991
2 43010  98.7482  67.6681 0001237 151.5523 208.5725 14.19741741128297
NOAA 20                 
1 43013U 17073A   20127.69929862 -.00000014  00000-0  14066-4 0  9999
2 43013  98.7156  66.2985 0001529  90.9837 269.1514 14.19553032127739
GOES 17                 
1 43226U 18022A   20127.67775029  .00000088  00000-0  00000-0 0  9991
2 43226   0.0120 273.9119 0000759 151.1182 266.7528  1.00272803  8023
FENGYUN 2H              
1 43491U 18050A   20127.89702162 -.00000139  00000-0  00000-0 0  9996
2 43491   0.7570 275.6748 0002576 218.4792 133.2297  1.00274851  7129
METOP-C                 
1 43689U 18087A   20127.84392413 -.00000004  00000-0  18374-4 0  9992
2 43689  98.7013 188.0354 0003338 102.6884 257.4667 14.21489041 77684
GEO-KOMPSAT-2A          
1 43823U 18100A   20127.87455454 -.00000353  00000-0  00000-0 0  9996
2 43823   0.0083  26.9772 0002425  48.2381 233.0517  1.00270262  5225
IOD-1 GEMS              
1 44385U 98067QK  20127.84771884  .00013991  00000-0  18195-3 0  9993
2 44385  51.6394 181.6196 0001490 148.1305 211.9778 15.59069463 48007
METEOR-M2 2             
1 44387U 19038A   20127.90140217 -.00000033  00000-0  46182-5 0  9996
2 44387  98.6163  88.7765 0001766  36.9515 323.1785 14.23678644 43620
